tree
version=v4
num_class=1
num_tree_per_iteration=1
label_index=0
max_feature_idx=124
objective=regression
feature_names=all_correlation_best_percentile25_ratio all_correlation_best_percentile50_ratio all_correlation_best_percentile75_ratio all_correlation_kurtosis all_correlation_percentile5_percentile25_ratio all_correlation_skew all_correlation_stddev_best_ratio all_correlation_stddev_median_ratio all_loss_best_percentile25_ratio all_loss_best_percentile50_ratio all_loss_best_percentile75_ratio all_loss_kurtosis all_loss_percentile5_percentile25_ratio all_loss_skew all_loss_stddev_best_ratio all_loss_stddev_median_ratio log10_cardinality recent_10_correlation_best_percentile25_ratio recent_10_correlation_best_percentile50_ratio recent_10_correlation_best_percentile75_ratio recent_10_correlation_kurtosis recent_10_correlation_percentile5_percentile25_ratio recent_10_correlation_skew recent_10_correlation_stddev_best_ratio recent_10_correlation_stddev_median_ratio recent_10_loss_best_percentile25_ratio recent_10_loss_best_percentile50_ratio recent_10_loss_best_percentile75_ratio recent_10_loss_kurtosis recent_10_loss_percentile5_percentile25_ratio recent_10_loss_skew recent_10_loss_stddev_best_ratio recent_10_loss_stddev_median_ratio recent_15%_correlation_best_percentile25_ratio recent_15%_correlation_best_percentile50_ratio recent_15%_correlation_best_percentile75_ratio recent_15%_correlation_kurtosis recent_15%_correlation_percentile5_percentile25_ratio recent_15%_correlation_skew recent_15%_correlation_stddev_best_ratio recent_15%_correlation_stddev_median_ratio recent_15%_loss_best_percentile25_ratio recent_15%_loss_best_percentile50_ratio recent_15%_loss_best_percentile75_ratio recent_15%_loss_kurtosis recent_15%_loss_percentile5_percentile25_ratio recent_15%_loss_skew recent_15%_loss_stddev_best_ratio recent_15%_loss_stddev_median_ratio recent_25_correlation_best_percentile25_ratio recent_25_correlation_best_percentile50_ratio recent_25_correlation_best_percentile75_ratio recent_25_correlation_kurtosis recent_25_correlation_percentile5_percentile25_ratio recent_25_correlation_skew recent_25_correlation_stddev_best_ratio recent_25_correlation_stddev_median_ratio recent_25_loss_best_percentile25_ratio recent_25_loss_best_percentile50_ratio recent_25_loss_best_percentile75_ratio recent_25_loss_kurtosis recent_25_loss_percentile5_percentile25_ratio recent_25_loss_skew recent_25_loss_stddev_best_ratio recent_25_loss_stddev_median_ratio top_10%_correlation_best_percentile25_ratio top_10%_correlation_best_percentile50_ratio top_10%_correlation_best_percentile75_ratio top_10%_correlation_kurtosis top_10%_correlation_percentile5_percentile25_ratio top_10%_correlation_skew top_10%_correlation_stddev_best_ratio top_10%_correlation_stddev_median_ratio top_10%_loss_best_percentile25_ratio top_10%_loss_best_percentile50_ratio top_10%_loss_best_percentile75_ratio top_10%_loss_kurtosis top_10%_loss_percentile5_percentile25_ratio top_10%_loss_skew top_10%_loss_stddev_best_ratio top_10%_loss_stddev_median_ratio top_20%_correlation_best_percentile25_ratio top_20%_correlation_best_percentile50_ratio top_20%_correlation_best_percentile75_ratio top_20%_correlation_kurtosis top_20%_correlation_percentile5_percentile25_ratio top_20%_correlation_skew top_20%_correlation_stddev_best_ratio top_20%_correlation_stddev_median_ratio top_20%_loss_best_percentile25_ratio top_20%_loss_best_percentile50_ratio top_20%_loss_best_percentile75_ratio top_20%_loss_kurtosis top_20%_loss_percentile5_percentile25_ratio top_20%_loss_skew top_20%_loss_stddev_best_ratio top_20%_loss_stddev_median_ratio top_30%_correlation_best_percentile25_ratio top_30%_correlation_best_percentile50_ratio top_30%_correlation_best_percentile75_ratio top_30%_correlation_kurtosis top_30%_correlation_percentile5_percentile25_ratio top_30%_correlation_skew top_30%_correlation_stddev_best_ratio top_30%_correlation_stddev_median_ratio top_30%_loss_best_percentile25_ratio top_30%_loss_best_percentile50_ratio top_30%_loss_best_percentile75_ratio top_30%_loss_kurtosis top_30%_loss_percentile5_percentile25_ratio top_30%_loss_skew top_30%_loss_stddev_best_ratio top_30%_loss_stddev_median_ratio resultFilteringMode_age resultFilteringMode_loss_rank resultFilteringMode_none resultFilteringMode_random secondaryProbabilityMode_correlation secondaryProbabilityMode_fixed secondaryLockingMode_random secondaryLockingMode_top resultFilteringAgeMultiplier resultFilteringLossRankMultiplier resultFilteringRandomProbability secondaryTopLockingPercentile
feature_infos=[-2.7585000000000002:12.096] [-3.1349:22.742999999999999] [-4.2889999999999997:348.13999999999999] [-3.0638000000000001:16.376000000000001] [-2.8199999999999998:16.007999999999999] [-10.465999999999999:6.9572000000000003] [-10.196:5.5462999999999996] [-4.9671000000000003:26.239000000000001] [-5126:1120.8] [-567.79999999999995:2690.0999999999999] [-506.04000000000002:810.32000000000005] [-2.5886999999999998:18.346] [-5325:824.69000000000005] [-8.2829999999999995:9.0170999999999992] [-473.61000000000001:110.67] [-4837:490.19999999999999] [-3.4767999999999999:4.4359000000000002] [-4.3643999999999998:255.68000000000001] [-2.6444000000000001:150.03] [-2.2385999999999999:239.21000000000001] [-2.4207000000000001:22.759] [-5.1281999999999996:170.59] [-7.5959000000000003:8.7441999999999993] [-6.4291:5.5557999999999996] [-2.5219:170.97] [-1177.5999999999999:1840.5] [-19887:559.12] [-280.63999999999999:248.15000000000001] [-1.9136:2.1812999999999998] [-1219:1338.5999999999999] [-5.7264999999999997:1.9712000000000001] [-1515.0999999999999:211.83000000000001] [-315:9796.6000000000004] [-4.9798:756.27999999999997] [-2.8128000000000002:170.72999999999999] [-2.4746999999999999:215.09] [-2.7593999999999999:19.036999999999999] [-5.7945000000000002:454.60000000000002] [-7.1641000000000004:8.4036000000000008] [-9.2312999999999992:6.9210000000000003] [-2.6337999999999999:169.08000000000001] [-301.29000000000002:1082.5999999999999] [-1054.3:2389.9000000000001] [-622.17999999999995:485.41000000000003] [-1.4893000000000001:16.936] [-262.89999999999998:1157.9000000000001] [-3.9784000000000002:7.1360000000000001] [-1134.0999999999999:206.11000000000001] [-2725.0999999999999:6617.6000000000004] [-5.3132000000000001:182.53999999999999] [-3.2658999999999998:641.96000000000004] [-2.3534000000000002:1293] [-2.7898999999999998:20.292000000000002] [-6.4752999999999998:145.03999999999999] [-8.1113:8.3633000000000006] [-7.6295999999999999:5.8018000000000001] [-2.9634999999999998:711.14999999999998] [-170:2965.5] [-670.36000000000001:465.23000000000002] [-290.44999999999999:1796.7] [-1.9281999999999999:3.6038999999999999] [-141.97:3118.5] [-6.3792999999999997:3.1057000000000001] [-636.32000000000005:126.3] [-1028:670.66999999999996] [-3.8249:203.49000000000001] [-2.2526000000000002:171.53999999999999] [-2.1015999999999999:75.602000000000004] [-2.1911:15.638999999999999] [-4.6616:226.11000000000001] [-11.215:7.4360999999999997] [-14.228999999999999:6.6036000000000001] [-2.3298000000000001:156.16] [-804.83000000000004:950.64999999999998] [-237.52000000000001:854.76999999999998] [-4746.6999999999998:837.57000000000005] [-3.1417999999999999:67.188000000000002] [-671.47000000000003:896.32000000000005] [-17.552:10.898999999999999] [-565.15999999999997:267.94] [-588.87:236.90000000000001] [-4.4303999999999997:302.19999999999999] [-2.3784000000000001:496.85000000000002] [-2.0764:147] [-2.5341999999999998:14.991] [-5.4390999999999998:374.38] [-12.369999999999999:7.6329000000000002] [-15.390000000000001:7.5674000000000001] [-2.4765999999999999:451.25999999999999] [-241.74000000000001:870.32000000000005] [-176.74000000000001:1673.5] [-1134.3:411.51999999999998] [-3.8809999999999998:80.233000000000004] [-187.16999999999999:427.30000000000001] [-16.16:8.0564] [-550.12:180.30000000000001] [-883.88999999999999:228.02000000000001] [-4.8955000000000002:249.44] [-2.1396000000000002:1545.5] [-1.8222:433.41000000000003] [-2.3641000000000001:23.234000000000002] [-6.1416000000000004:333.32999999999998] [-9.1119000000000003:8.8153000000000006] [-9.3923000000000005:6.7373000000000003] [-2.1368:1317.4000000000001] [-1300.7:843.67999999999995] [-1113.0999999999999:403.93000000000001] [-1125.5:1327.8] [-3.7747999999999999:47.898000000000003] [-1041.5999999999999:174.66] [-11.696:9.9757999999999996] [-407.25999999999999:159.52000000000001] [-544.32000000000005:722.84000000000003] [0:1] [0:1] [0:1] [0:1] [0:1] [0:1] [0:1] [0:1] [-3:4] [-3:4] [-3:0.90000000000000002] [-3:10]
tree_sizes=2606 2793 2783 2793 2789 2777 2791 2798 2795 2806 2771 2780 2803 2820 2798 2799 2824 2819 2806 2791 2821

Tree=0
num_leaves=31
num_cat=0
split_feature=41 49 79 39 50 6 35 87 68 40 107 41 27 5 94 36 38 9 11 56 29 84 88 115 97 124 51 50 32 51
split_gain=5.87365 6.35607 5.69947 5.14699 4.85475 5.71141 4.29034 3.89616 4.39795 3.73846 4.5132 3.73809 4.58529 6.20852 4.89234 4.26059 6.25 3.58417 3.45062 3.3422 2.98743 2.88172 2.83038 2.83031 3.87581 3.63335 2.48866 2.11891 2.04666 1.92857
threshold=-2.0065499999999994 -1.8743499999999997 2.3475000000000006 3.1655000000000002 -0.16716499999999998 1.3923000000000003 0.21221000000000004 -1.2142999999999997 1.2739500000000004 2.9456500000000005 -0.10710499999999999 0.88896500000000012 -0.15126999999999999 -1.1525999999999998 0.40867500000000007 -0.21501499999999998 1.9099000000000002 0.084608500000000017 -0.35186499999999993 2.7863500000000005 -2.5724999999999993 -0.48789999999999994 -0.94681999999999988 1.0000000180025095e-35 -0.64417999999999986 1.0000000180025095e-35 -1.5081999999999998 -1.3588999999999998 0.41883000000000009 -0.67492499999999989
decision_type=2 2 2 2 2 2 2 2 2 2 2 2 2 2 2 2 2 2 2 2 2 2 2 2 2 2 2 2 2 2
left_child=2 27 18 4 11 7 20 17 9 10 -9 12 15 -14 22 29 -17 -6 28 -12 -4 -7 -15 25 -25 -13 -27 -2 -1 -3
right_child=1 3 6 -5 5 21 -8 8 -10 -11 19 23 13 14 -16 16 -18 -19 -20 -21 -22 -23 -24 24 -26 26 -28 -29 -30 -31
leaf_value=1.9037499995458693 1.9330978259120299 1.9156547616635051 1.9419078951603488 1.943125000409782 1.9394642860052131 1.9287500000596047 1.9093055552630513 1.9200543474567973 1.954507576764533 1.9162499995281299 1.9558928580156394 1.921432926742042 1.9128409087883704 1.9600000009251137 1.9225000001024455 1.9437500006258488 1.906249999590218 1.9134722217917444 1.896111110639241 1.9310227272185412 1.9193749998385707 1.9060937496833503 1.9375735298018246 1.9396195658523103 1.9114423072681979 1.8912499994571721 1.9118145158213955 1.9537500003973642 1.9236029410625206 1.8942261900930177
leaf_weight=21 23 21 38 40 21 25 27 23 33 24 35 41 33 24 32 25 20 36 36 22 24 32 34 23 26 28 31 27 34 21
leaf_count=21 23 21 38 40 21 25 27 23 33 24 35 41 33 24 32 25 20 36 36 22 24 32 34 23 26 28 31 27 34 21
internal_value=1.925 1.92707 1.91694 1.92575 1.92461 1.92995 1.92594 1.93403 1.9386 1.93356 1.93875 1.92088 1.92518 1.93139 1.93819 1.91639 1.92708 1.92305 1.90815 1.94629 1.93319 1.91603 1.94685 1.91482 1.92467 1.91 1.90206 1.94425 1.91602 1.90494
internal_weight=0 700 180 650 610 251 89 194 137 104 80 359 210 123 90 87 45 57 91 57 62 57 58 149 49 100 59 50 55 42
internal_count=880 700 180 650 610 251 89 194 137 104 80 359 210 123 90 87 45 57 91 57 62 57 58 149 49 100 59 50 55 42
is_linear=0
shrinkage=1


Tree=1
num_leaves=31
num_cat=0
split_feature=41 49 79 39 50 6 87 60 53 70 54 36 41 27 94 5 108 36 79 23 33 34 81 63 41 124 101 17 50 91
split_gain=5.30097 5.73635 5.14377 4.64516 4.38141 5.25162 4.06955 5.07145 4.01951 3.72807 4.71549 3.72057 3.37363 4.14885 4.85299 4.90222 3.79479 3.30012 3.23748 3.16665 3.00798 2.77206 3.08978 2.69306 2.54571 2.53201 3.96634 2.60771 2.52498 2.3116
threshold=-2.0065499999999994 -1.8743499999999997 2.3475000000000006 3.1655000000000002 -0.16716499999999998 0.57902500000000012 -1.2142999999999997 3.0399000000000007 0.48277000000000009 1.4624500000000002 1.9342500000000002 -0.61974999999999991 0.88896500000000012 -0.32585999999999998 0.40867500000000007 -0.96722999999999992 -1.1234999999999997 -0.21501499999999998 1.4149500000000002 0.015510000000000001 0.72804000000000013 0.098845500000000017 -0.076369499999999993 -0.23126999999999995 -3.6760999999999995 1.0000000180025095e-35 -0.51402999999999988 -0.9960699999999999 -0.39015499999999997 0.047552000000000004
decision_type=2 2 2 2 2 2 2 2 2 2 2 2 2 2 2 2 2 2 2 2 2 2 2 2 2 2 2 2 2 2
left_child=2 -2 18 4 12 6 20 9 11 10 29 -4 13 17 15 -15 -16 -3 24 -17 -6 22 -7 -23 28 27 -27 -14 -1 -8
right_child=1 3 8 -5 5 21 7 -9 -10 -11 -12 -13 25 14 16 19 -18 -19 -20 -21 -22 23 -24 -25 -26 26 -28 -29 -30 -31
leaf_value=-0.014215050803290476 0.018287499442696573 -0.018997023869305851 -0.0043685672581195833 0.0172187496162951 -0.017248512171208857 -0.002123728272720025 0.0085752491652965543 -0.0080307381134480244 -0.011998868019630512 0.036721398153652746 -0.0060079893185978851 0.022169140659804857 -0.015791106726164402 -0.0023399734390633447 0.0077079675719141962 0.010015624894627505 -0.022071640614582146 0.0015789469998133809 -0.03378084199503064 0.034248302375467929 0.009845568168730964 0.014479870936618403 -0.028264071978628638 -0.0099246276635676627 -0.024255446903407574 -0.0028552615652895639 -0.024810233091314637 0.0051532994113152944 0.0092245711199939254 0.030117548116003024
leaf_weight=27 50 40 25 40 20 26 20 20 36 24 21 28 23 35 20 28 23 38 20 26 21 26 20 20 24 36 48 42 20 33
leaf_count=27 50 40 25 40 20 26 20 20 36 24 21 28 23 35 20 28 23 38 20 26 21 26 20 20 24 36 48 42 20 33
internal_value=0 0.00196786 -0.00765278 0.0007125 -0.000369877 0.00469796 0.0101994 0.0149145 0.000893961 0.0195972 0.0140435 0.00965135 -0.00391313 0.000169643 0.00557201 0.0122359 -0.00822066 -0.00897283 -0.0160117 0.0216832 -0.00337106 -0.00480994 -0.0134891 0.00386922 -0.0110063 -0.00966737 -0.015401 -0.0022578 -0.00424074 0.0219884
internal_weight=0 700 180 650 610 251 159 118 89 98 74 53 359 210 132 89 43 78 91 54 41 92 46 46 71 149 84 65 47 53
internal_count=880 700 180 650 610 251 159 118 89 98 74 53 359 210 132 89 43 78 91 54 41 92 46 46 71 149 84 65 47 53
is_linear=0
shrinkage=0.05


Tree=2
num_leaves=31
num_cat=0
split_feature=27 65 46 70 43 56 87 37 75 10 46 46 65 28 76 60 56 3 9 35 55 42 1 0 81 85 77 80 98 43
split_gain=4.81865 5.48818 5.30408 5.21684 4.66996 4.43562 6.56266 4.28967 5.19768 4.12378 4.81624 4.72882 3.98476 3.82137 3.42605 3.79978 3.25164 3.22378 2.98724 2.83085 2.61383 2.50092 2.84429 2.68396 3.1645 3.32531 2.20578 1.86103 1.60076 1.45433
threshold=-0.86663999999999985 -1.6992499999999999 0.29539000000000004 -1.1079999999999999 -1.7759499999999997 0.56037500000000018 -1.1451499999999999 1.2199000000000002 -18.248499999999996 2.3425500000000006 2.2371000000000003 2.1168500000000003 -0.16456499999999999 0.13029000000000004 3.6140500000000002 -0.66118999999999983 -0.46895499999999996 0.48954000000000003 0.084608500000000017 -0.54517499999999985 0.24446000000000004 -0.22164499999999998 1.0753500000000003 -1.3347499999999999 -0.61295999999999984 0.23250000000000001 0.038210500000000001 -0.52355999999999991 -0.65586499999999981 -0.26509499999999991
decision_type=2 2 2 2 2 2 2 2 2 2 2 2 2 2 2 2 2 2 2 2 2 2 2 2 2 2 2 2 2 2
left_child=2 20 4 -4 7 9 18 8 -1 10 21 -11 -12 -6 15 -8 -10 -5 -7 26 27 22 29 -23 -25 -26 -17 -2 -27 -3
right_child=1 5 3 17 13 6 14 -9 16 11 12 -13 -14 -15 -16 19 -18 -19 -20 -21 -22 23 -24 24 25 28 -28 -29 -30 -31
leaf_value=-0.011445744420317087 0.03127279488059382 -0.0014918847495447036 -0.038518095556646592 0.00088092700085219222 -0.017433908524907241 0.0048188640091281669 0.033858431259600016 -0.01002540913586681 0.0058095228809275125 0.023038703262185059 0.02446147564121268 -0.0048077402936835441 -0.0044515734824996725 0.0062300140891845025 -0.0052438656799495224 -0.0060099111792321011 0.026493992075618162 -0.023682885202155873 -0.018717319385281633 0.026116145191633185 0.0028471531782997776 -0.0013774617766149535 -0.012785367009740685 -0.030456332272539539 0.0045781587452992153 -0.025437884267059063 0.015010630167447603 0.012727147019318036 -0.0072943375352770099 0.01694368923548609
leaf_weight=22 24 23 20 34 59 26 26 37 38 30 22 31 26 24 20 24 38 22 28 23 32 39 31 30 23 31 26 31 20 20
leaf_count=22 24 23 20 34 59 26 26 37 38 30 22 31 26 24 20 24 38 22 28 23 32 39 31 30 23 31 26 31 20 20
internal_value=0 0.00262069 -0.00522356 -0.0165978 -0.00125823 0.00060026 0.00707143 0.0044799 0.0099564 -0.00283383 -0.00553188 0.00888723 0.00880024 -0.0105913 0.0136315 0.0174447 0.0161518 -0.00876914 -0.00738508 0.0115988 0.0142092 -0.00870212 -0.00124035 -0.0125635 -0.0167582 -0.0112049 0.00492077 0.0208198 -0.0183228 0.0070828
internal_weight=0 586 294 76 218 499 173 135 98 326 265 61 48 83 119 99 76 56 54 73 87 217 74 143 104 74 50 55 51 43
internal_count=880 586 294 76 218 499 173 135 98 326 265 61 48 83 119 99 76 56 54 73 87 217 74 143 104 74 50 55 51 43
is_linear=0
shrinkage=0.05


Tree=3
num_leaves=31
num_cat=0
split_feature=41 49 79 39 44 56 28 18 81 92 3 124 0 4 8 41 45 46 103 54 16 79 71 81 41 56 11 60 50 39
split_gain=4.51957 4.99653 4.46015 3.97269 3.71651 3.66384 6.08111 5.30284 4.98559 4.7075 3.74207 3.30666 3.70545 3.77486 4.68196 5.58026 3.23919 4.35343 5.04779 2.95083 3.54807 2.83336 2.56432 2.31457 2.24007 2.22183 2.21773 2.22156 1.83012 1.7377
threshold=-2.0065499999999994 -1.8743499999999997 2.3475000000000006 3.1655000000000002 -1.2088999999999996 12.534000000000002 0.69617000000000007 -0.66047499999999981 0.024505000000000002 3.0849000000000006 2.5019500000000003 1.0000000180025095e-35 -1.4290999999999998 1.4137000000000002 -0.23084499999999997 0.82304500000000014 -0.92107999999999979 1.4831500000000004 0.44210500000000003 -0.7855899999999999 -0.61274499999999998 1.4149500000000002 -1.5297499999999997 -1.4012999999999998 -3.6760999999999995 -0.46895499999999996 0.81507000000000007 -0.064608999999999986 -1.3588999999999998 -0.30144999999999994
decision_type=2 2 2 2 2 2 2 2 2 2 2 2 2 2 2 2 2 2 2 2 2 2 2 2 2 2 2 2 2 2
left_child=2 28 21 5 -4 7 -7 9 10 11 16 12 -3 14 -14 -16 -9 18 -18 -10 -21 24 -13 -24 25 -1 27 -25 -2 -6
right_child=1 3 4 -5 29 6 -8 8 19 -11 -12 22 13 -15 15 -17 17 -19 -20 20 -22 -23 23 26 -26 -27 -28 -29 -30 -31
leaf_value=-0.013177313669412225 0.0066836081769155427 0.019209828801453114 0.019870355445891622 0.015910200376529248 0.0039235560514498504 -0.0031745984684675935 0.031523343491489476 0.029180098840690873 -0.015854167047183256 -0.022446983274877878 -0.006067705886631177 -0.020143659178804802 -0.025385984893028554 0.011270210470416044 0.017499231493387085 -0.013081048341201884 0.0011104543573193012 -0.0098797153088856834 0.028816694758300274 -0.013423469256875771 0.01302614079322666 -0.031473106630146505 -0.018803775197137957 0.002894209120422602 -0.022595715522766114 0.0088102763891220095 0.0080948055847673804 -0.02067251591011882 0.025876896695613313 -0.011987760783852759
leaf_weight=27 23 25 20 40 32 28 23 27 37 37 29 38 26 38 26 35 31 22 35 21 32 20 23 20 24 20 37 20 27 37
leaf_count=27 23 25 20 40 32 28 23 27 37 37 29 38 26 38 26 35 31 22 35 21 32 20 23 20 24 20 37 20 27 37
internal_value=0 0.00181704 -0.00706626 0.000645428 0.000892289 -0.00035554 0.0124735 -0.00152599 0.00421322 -0.00565822 0.00998301 -0.00350133 0.00163748 -0.00187699 -0.00761945 -4.68307e-05 0.0140306 0.00938244 0.0158032 -0.00501845 0.00254611 -0.0148499 -0.00908699 -0.00488545 -0.0101673 -0.00382089 -0.00072803 -0.00888915 0.017048 -0.0046086
internal_weight=0 700 180 650 89 610 51 559 234 325 144 288 150 125 87 61 115 88 66 90 53 91 138 100 71 47 77 40 50 69
internal_count=880 700 180 650 89 610 51 559 234 325 144 288 150 125 87 61 115 88 66 90 53 91 138 100 71 47 77 40 50 69
is_linear=0
shrinkage=0.05


Tree=4
num_leaves=31
num_cat=0
split_feature=41 49 57 37 22 71 1 3 5 81 3 101 19 62 50 78 17 23 17 21 28 2 71 83 54 62 66 21 15 3
split_gain=4.07891 4.50937 4.05152 3.84419 4.31028 3.75339 3.46015 3.44673 3.39324 2.92227 4.70196 4.40712 4.99536 4.22087 4.13825 4.11409 3.89255 3.28798 3.12937 3.98592 3.12163 2.86988 2.84045 2.74489 2.61728 3.75795 3.43905 2.54156 2.48553 2.15283
threshold=-2.0065499999999994 -1.8743499999999997 -2.8158999999999996 4.8262000000000009 -1.5807499999999999 -0.53717499999999985 1.3558500000000002 1.3150500000000001 1.0146000000000004 -0.083851999999999996 -1.5077499999999997 0.82988500000000009 -0.80942999999999987 -0.7557299999999999 1.6338000000000001 -0.18788499999999997 0.44363000000000002 -0.10886999999999998 1.1042500000000002 2.8464500000000004 -0.67397499999999988 -0.56127499999999986 -1.9590999999999996 -1.1780999999999999 0.066074000000000008 -0.31130999999999992 -0.93107499999999987 -1.3173999999999999 0.48293500000000006 -0.91891999999999985
decision_type=2 2 2 2 2 2 2 2 2 2 2 2 2 2 2 2 2 2 2 2 2 2 2 2 2 2 2 2 2 2
left_child=2 -2 5 4 8 -1 -7 21 23 10 -6 12 13 -11 29 17 24 -13 -18 -20 -17 -4 -5 27 26 -26 -12 -3 -23 -15
right_child=1 3 7 22 9 6 -8 -9 -10 11 16 15 -14 14 -16 20 18 -19 19 -21 -22 28 -24 -25 25 -27 -28 -29 -30 -31
leaf_value=-0.0099636578973796644 0.016195584466913715 0.006002678218231138 0.0061775309795683089 0.0045577984430234539 0.022964346446943555 -0.00099717816016797376 0.026036255229264501 -0.030643978094061216 0.0063287734642232729 -0.031129219535399568 0.016520890344067344 0.010566122222829748 0.013580671206970388 -0.027335993247106671 0.010243106283247471 0.0014046787905196349 -0.019318691138987959 -0.013300231654918003 0.017216937350109218 -0.010489720209605164 0.025661668854041232 -0.0038418205035850406 -0.017068555365715707 -0.022426223047077656 0.0042959770719919891 0.032986931070685392 -0.0078439484086508561 -0.015706880782874157 -0.028769362894818185 -0.0049059680136649512
leaf_weight=45 50 28 22 22 44 29 20 24 38 22 28 27 24 20 25 21 23 31 25 27 36 20 49 35 21 25 30 26 20 23
leaf_count=45 50 28 22 22 44 29 20 24 38 22 28 27 24 20 25 21 23 31 25 27 36 20 49 35 21 25 30 26 20 23
internal_value=0 0.00172619 -0.00671295 0.000613157 0.00195965 0.000462152 0.0100369 -0.0145555 -0.00617896 0.00424639 0.00832044 0.000279084 -0.0066876 -0.0120925 -0.00593352 0.00718519 0.00472082 -0.00219003 -0.00396172 0.00283079 0.0167249 -0.00832771 -0.0103674 -0.0115193 0.0109823 0.0198889 0.00391839 -0.00445007 -0.0163056 -0.0153385
internal_weight=0 700 180 650 579 94 49 86 127 452 223 229 114 90 68 115 179 58 75 52 57 62 71 89 104 46 58 54 40 43
internal_count=880 700 180 650 579 94 49 86 127 452 223 229 114 90 68 115 179 58 75 52 57 62 71 89 104 46 58 54 40 43
is_linear=0
shrinkage=0.05


Tree=5
num_leaves=31
num_cat=0
split_feature=10 56 69 92 23 56 64 47 46 44 86 28 42 22 0 33 52 108 17 28 1 28 46 46 17 94 21 53 8 83
split_gain=3.90354 3.89447 4.71515 4.56092 4.15171 3.75784 3.2302 3.92738 4.60968 4.01335 3.85076 3.3563 3.19607 3.04589 3.69457 3.75169 4.88807 3.36206 4.30782 3.26528 2.85113 2.72984 2.42918 3.20476 2.18445 2.26519 2.14901 3.06197 1.93019 1.73899
threshold=2.3425500000000006 -0.27572499999999994 -1.7944499999999997 -2.2216499999999999 3.2931000000000004 -1.5239999999999998 -1.1327499999999999 0.51529500000000017 -0.6315599999999999 -0.055643999999999992 -0.18522999999999998 0.34884000000000009 1.2154000000000003 -1.6522999999999997 -1.4290999999999998 7.8657000000000012 0.41145000000000004 -0.57750499999999982 -0.71836999999999984 -0.71021499999999993 -0.98106499999999996 1.5507500000000001 2.0443500000000001 0.69832000000000016 0.076421000000000017 -0.60903499999999988 -1.2907 -0.98463999999999985 1.0771000000000002 -1.9180499999999998
decision_type=2 2 2 2 2 2 2 2 2 2 2 2 2 2 2 2 2 2 2 2 2 2 2 2 2 2 2 2 2 2
left_child=1 2 3 29 6 -5 11 8 -8 10 -9 28 -2 26 20 16 17 -16 -19 -18 -15 -21 23 -14 -11 -26 27 -4 -3 -1
right_child=12 4 13 5 -6 -7 7 9 -10 24 -12 -13 22 14 15 -17 19 18 -20 21 -22 -23 -24 -25 25 -27 -28 -29 -30 -31
leaf_value=-0.012208502256544308 0.023730083575679198 0.013351341597735884 0.0009090408459305763 0.0025092030844749199 0.025034077093005182 0.026408539917962305 0.0013340277844393741 0.032389388983137909 -0.020961750223597683 -0.010229936266974124 0.0040655009207936623 0.025721619956195353 0.00010820697778119492 -0.0041565602467883199 -0.00012011396623141056 -0.028295589704066516 0.017598461838705198 -0.00012844522398981181 -0.026599038991273617 -0.013069377168111743 0.022221696595661342 0.0099601202369244274 -0.005400071149587779 0.026730464794673028 -0.0055337429613522863 0.016907807879827239 -0.02982477599924261 -0.02533870714250952 -0.0086156197707168754 0.004401664550487812
leaf_weight=40 27 20 25 38 20 29 49 20 44 44 30 25 26 21 37 20 28 22 51 31 20 22 38 20 23 22 22 20 20 26
leaf_count=40 27 20 25 38 20 29 49 20 44 44 30 25 26 21 37 20 28 22 51 31 20 22 38 20 23 22 22 20 20 26
internal_value=0 -0.00126519 -0.00424502 0.00366391 0.00298365 0.0128537 0.00149878 -0.00126129 -0.00921451 0.00405994 0.0153951 0.0113501 0.00876516 -0.00754248 -0.00502325 -0.00769196 -0.00553451 -0.0123984 -0.0186216 0.00378678 0.00871088 -0.00350996 0.003955 0.0116831 -0.00230811 0.00543768 -0.0170178 -0.0107566 0.00236786 -0.0056651
internal_weight=0 769 452 133 317 67 297 232 93 139 50 65 111 319 252 211 191 110 73 81 41 53 84 46 89 45 67 45 40 66
internal_count=880 769 452 133 317 67 297 232 93 139 50 65 111 319 252 211 191 110 73 81 41 53 84 46 89 45 67 45 40 66
is_linear=0
shrinkage=0.05


Tree=6
num_leaves=31
num_cat=0
split_feature=27 33 44 70 68 31 71 81 57 3 2 56 108 42 28 97 1 86 83 49 8 52 99 6 67 57 79 7 39 21
split_gain=3.87838 5.08593 4.50717 4.53487 4.40105 3.81978 4.78402 3.69283 3.49633 3.39776 2.7434 4.23985 3.31071 2.83838 2.74076 2.62179 4.9887 4.91292 4.26441 3.19621 2.9727 2.88024 2.83391 3.07179 2.82648 2.71023 3.17721 2.26609 2.34809 2.23088
threshold=-0.86663999999999985 -1.7513999999999996 -0.010670999999999998 -1.1079999999999999 6.4417500000000008 0.35970500000000005 -0.73321999999999987 0.15180000000000002 4.3765500000000008 0.48954000000000003 3.2375000000000003 12.534000000000002 0.23834000000000002 -1.9639999999999997 0.83572000000000013 -0.82877999999999996 -1.5754499999999998 2.2452500000000009 -0.87724999999999997 -0.40417499999999995 0.087281000000000011 -0.40665999999999997 -0.71561499999999989 1.3923000000000003 -0.88106999999999991 0.77398500000000003 -2.4319499999999996 2.4415000000000004 1.1082000000000003 1.5496000000000001
decision_type=2 2 2 2 2 2 2 2 2 2 2 2 2 2 2 2 2 2 2 2 2 2 2 2 2 2 2 2 2 2
left_child=2 7 5 -4 10 8 14 -2 -1 -5 11 13 -12 -3 -7 20 21 18 22 -20 24 -17 23 -18 -15 -22 -27 28 -8 -19
right_child=1 4 3 9 -6 6 27 -9 -10 -11 12 -13 -14 15 -16 16 17 29 19 -21 25 -23 -24 -25 -26 26 -28 -29 -30 -31
leaf_value=-0.015351975573632385 0.028939424034464978 0.017105606621639294 -0.034808023043331651 0.0021193286759080368 0.02319051003349679 -0.016366908210329711 0.014959349509445019 0.0043051031960203547 0.007473803408767867 -0.022619688996802209 0.00097883824174377072 0.018211284745484592 -0.027129072025418283 -0.016061453197697372 0.0072279361076653011 -0.027320718625560403 0.010378394631675981 -0.0037662516392412641 -0.023499835575265544 0.0040864313198697008 0.02155246278947039 -0.0053620520575870098 0.026071976905222984 -0.011989634335041048 0.0050467025408787386 0.015383234398503757 -0.0074666403015726246 0.024695759102702143 -0.0065575983951843917 -0.026549783886664291
leaf_weight=62 29 22 21 35 21 32 32 32 23 23 22 33 20 29 20 32 66 21 21 21 31 28 20 20 35 29 32 25 21 22
leaf_count=62 29 22 21 35 21 32 32 32 23 23 22 33 20 29 20 32 66 21 21 21 31 28 20 20 35 29 32 25 21 22
internal_value=0 0.00235114 -0.00468629 -0.0148993 0.000763356 -0.000933599 0.00445539 0.0160165 -0.00917559 -0.00769097 -0.000171109 0.000941143 -0.0124059 -0.000387329 -0.00729197 -0.00133289 -0.0044966 -0.000545796 0.00377662 -0.0097067 0.00375744 -0.0170733 0.00911907 0.00517653 -0.00451793 0.00951421 0.00339641 0.012287 0.00643377 -0.0154229
internal_weight=0 586 294 79 525 215 130 61 85 58 504 462 42 429 52 407 251 191 148 42 156 60 106 86 64 92 61 78 53 43
internal_count=880 586 294 79 525 215 130 61 85 58 504 462 42 429 52 407 251 191 148 42 156 60 106 86 64 92 61 78 53 43
is_linear=0
shrinkage=0.05


Tree=7
num_leaves=31
num_cat=0
split_feature=27 33 44 70 68 43 81 28 54 75 3 61 29 50 33 37 64 101 5 18 34 65 28 86 22 80 38 22 66 117
split_gain=3.50024 4.59005 4.06772 4.09272 3.97195 3.5692 3.33278 3.28547 3.21567 3.29742 3.06648 2.55544 3.36193 5.07048 4.15007 3.30607 3.44938 2.59726 4.6146 4.30268 3.59889 4.07879 3.64451 3.52186 3.04997 2.51562 2.40763 1.90742 1.89154 1.86501
threshold=-0.86663999999999985 -1.7513999999999996 -0.010670999999999998 -1.1079999999999999 6.4417500000000008 -1.7759499999999997 0.15180000000000002 -0.29178499999999996 2.0534000000000003 -18.248499999999996 0.48954000000000003 -0.65374499999999991 2.9598500000000008 0.22807500000000003 7.8657000000000012 -0.5361499999999999 -0.29857999999999996 -1.0027999999999999 -2.2107999999999994 -1.5114499999999997 0.32839500000000005 0.29958500000000005 0.13029000000000004 2.2452500000000009 -1.6250499999999999 1.6910500000000004 -1.1073499999999996 -0.033508999999999997 -0.8925249999999999 1.0000000180025095e-35
decision_type=2 2 2 2 2 2 2 2 2 2 2 2 2 2 2 2 2 2 2 2 2 2 2 2 2 2 2 2 2 2
left_child=2 6 5 -4 11 8 -2 -7 9 -1 -5 15 14 -14 17 25 -17 19 28 -13 23 22 -22 24 -20 -3 -21 29 -19 -11
right_child=1 4 3 10 -6 7 -8 -9 -10 27 -12 12 13 -15 -16 16 -18 18 20 26 21 -23 -24 -25 -26 -27 -28 -29 -30 -31
leaf_value=-0.0085823403522372246 0.027492452705086309 0.0079131352055507413 -0.033067621592254869 0.002013362192249458 0.022030984707886267 -0.016103807447308844 0.0040898479837778723 0.0051928927104368259 -0.014308558665215972 0.025574961671372878 -0.021488704694354016 -0.015802497102413327 -0.0027872688676181595 0.026206387802027165 -0.025949657186865805 0.00039935292125764217 0.026286611838206173 -0.0091552900150418288 -0.019994915411093862 0.022565843483719691 0.0096275693160437423 0.017068474943942685 -0.019829859353956723 -0.025847542014988983 0.0019230576919821594 -0.01609721882850863 0.0034540811253504621 0.0029363297551338163 -0.030401252108541405 0.0063987195624836861
leaf_weight=25 29 24 21 35 21 55 32 27 20 32 23 20 38 25 20 22 31 20 21 26 21 41 21 22 65 20 45 35 22 21
leaf_count=25 29 24 21 35 21 55 32 27 20 32 23 20 38 25 20 22 31 20 21 26 21 41 21 22 65 20 45 35 22 21
internal_value=0 0.00223358 -0.00445197 -0.0141543 0.000725188 -0.000886919 0.0152157 -0.00909148 0.00417153 0.00744234 -0.00730642 -0.000162553 -0.00190066 0.00871815 -0.00384538 0.00713033 0.015541 -0.00248092 -0.0052786 0.00468237 -0.00197896 0.00585011 -0.00510115 -0.00799574 -0.00342901 -0.00300066 0.0104528 0.0119948 -0.0202841 0.0179768
internal_weight=0 586 294 79 525 215 61 82 133 113 58 504 407 63 344 97 53 324 233 91 191 83 42 108 86 44 71 88 42 53
internal_count=880 586 294 79 525 215 61 82 133 113 58 504 407 63 344 97 53 324 233 91 191 83 42 108 86 44 71 88 42 53
is_linear=0
shrinkage=0.05


Tree=8
num_leaves=31
num_cat=0
split_feature=10 12 50 76 76 18 81 55 53 22 78 18 66 4 121 45 25 92 124 10 28 4 76 108 59 65 87 3 28 23
split_gain=3.23731 3.41059 3.0781 2.93547 3.39321 2.70039 4.33354 5.0849 4.3011 3.1591 3.30721 3.3625 2.71466 3.1334 3.15714 2.6943 3.80472 2.65844 2.61005 2.58219 2.53643 2.47087 3.99697 2.67268 2.34118 2.97418 2.16817 2.14223 2.14154 1.80881
threshold=2.3425500000000006 19.408000000000005 13.146500000000001 4.1389000000000005 3.3371000000000008 -0.66047499999999981 0.56666000000000005 -0.93501999999999985 -1.7984499999999997 0.60483500000000012 -0.59644499999999989 -0.13090999999999997 -0.32818999999999993 0.72030500000000008 1.5000000000000002 1.0513000000000001 2.2546500000000003 3.9917000000000002 1.0000000180025095e-35 -0.17882499999999998 1.0000000180025095e-35 -0.98485999999999985 -0.3144249999999999 0.84892500000000015 -0.41967999999999994 -0.37830999999999998 0.4475900000000001 -0.56316999999999984 0.69617000000000007 -1.0805499999999999
decision_type=2 2 2 2 2 2 2 2 2 2 2 2 2 2 2 2 2 2 2 2 2 2 2 2 2 2 2 2 2 2
left_child=1 2 3 4 5 8 9 -8 -1 10 -7 -12 13 21 18 -2 -17 -5 -15 -13 -18 22 -10 24 29 -26 -11 -14 -4 -23
right_child=15 -3 28 17 -6 6 7 -9 12 26 11 19 27 14 -16 16 20 -19 -20 -21 -22 23 -24 -25 25 -27 -28 -29 -30 -31
leaf_value=0.011749796522438856 0.018566583408615913 0.01537441285288272 -8.6440024492533319e-05 -0.0041325781733861991 0.016409200203604996 0.022185979551333633 0.010327879371850389 -0.018363236953960138 -0.013316909210213149 -0.017620315877277228 -0.0072747250981125477 0.00075489346917461742 -0.0051970436982810495 0.0041280718042682385 0.013184857466503195 -0.011350691538924972 -0.00032424334259260272 -0.025239627836988521 -0.01497801346422145 0.021064220267512344 0.024250358242438999 -0.0073271495755761864 0.016552472105693251 -0.02633465051907918 0.008715249676832423 -0.01566444138826972 0.0051004087818520413 -0.026468023461197379 0.021490234160876795 -0.028592180004343395
leaf_weight=34 39 30 23 35 25 37 23 47 24 21 37 29 20 39 38 30 21 26 33 34 21 20 21 29 29 22 21 29 23 20
leaf_count=34 39 30 23 35 25 37 23 47 24 21 37 29 20 39 38 30 21 26 33 34 21 20 21 29 29 22 21 29 23 20
internal_value=0 -0.00115218 -0.00182308 -0.00265446 -0.00164347 -0.00238699 0.00161182 -0.00893616 -0.00516829 0.00573672 0.00941454 0.00468911 -0.00694364 -0.00501173 0.00152495 0.0079822 0.002249 -0.013129 -0.00462888 0.0117155 0.0119631 -0.00936952 0.000622135 -0.0131164 -0.00890398 -0.00180148 -0.00625995 -0.017786 0.0107019 -0.0179597
internal_weight=0 769 739 693 632 607 249 70 358 179 137 100 324 275 110 111 72 61 72 63 42 165 45 120 91 51 42 49 46 40
internal_count=880 769 739 693 632 607 249 70 358 179 137 100 324 275 110 111 72 61 72 63 42 165 45 120 91 51 42 49 46 40
is_linear=0
shrinkage=0.05


Tree=9
num_leaves=31
num_cat=0
split_feature=27 33 44 70 28 71 43 81 70 3 2 56 20 42 45 16 86 105 35 1 2 19 86 41 97 20 100 42 52 38
split_gain=2.99018 4.01539 3.58532 3.57071 3.20824 3.52785 4.29578 2.91801 2.91422 2.66539 2.49659 3.35225 2.99247 2.56799 2.45474 2.32715 2.12536 2.08223 2.69351 3.39511 2.93038 2.91299 3.46024 3.04715 2.90114 2.54499 2.51327 2.19217 1.79648 1.72202
threshold=-0.86663999999999985 -1.7513999999999996 -0.010670999999999998 -1.1079999999999999 0.34884000000000009 -0.53717499999999985 -1.7759499999999997 0.15180000000000002 4.0763000000000007 0.48954000000000003 3.2375000000000003 12.534000000000002 0.49635000000000001 -1.9639999999999997 -0.3580299999999999 0.53169500000000014 0.023177000000000007 -1.9229499999999999 -0.64293499999999992 -1.4706999999999997 0.080683500000000005 -1.3719999999999997 2.2452500000000009 0.9119600000000001 -1.1331499999999999 0.32515000000000005 -0.41231999999999996 0.69595000000000018 -0.57859499999999986 0.5653450000000001
decision_type=2 2 2 2 2 2 2 2 2 2 2 2 2 2 2 2 2 2 2 2 2 2 2 2 2 2 2 2 2 2
left_child=2 7 4 -4 5 15 16 -2 10 -5 11 13 -12 -3 -6 -1 -7 -15 19 24 25 22 23 29 -19 -20 -23 -24 -26 -21
right_child=1 8 3 9 14 6 -8 -9 -10 -11 12 -13 -14 17 -16 -17 -18 18 20 21 -22 26 27 -25 28 -27 -28 -29 -30 -31
leaf_value=-0.022227798892623364 0.025694174993911696 0.016432415630499072 -0.030889713515837986 0.0018615012269999301 0.019699553336048947 0.017049075738453358 -0.012638561427593231 0.0037961886642733592 0.019372589939739556 -0.020049707267595376 -0.024485409065065061 0.016328783485699782 0.0022374687978299335 -0.015085591740906238 -0.0019179565967836728 -0.0035887870937585833 -0.001956677654137214 0.00053590852767229082 0.017167939157470277 0.025954499955472644 -0.0054623945156651501 -0.0011421175517812921 -0.019815210337983447 -0.0019796525304381913 -0.02993770470113858 -0.0019663652665913105 -0.023479504110291601 0.0035950989183038476 -0.0097105748995783784 0.008966827590816788
leaf_weight=34 29 22 21 35 29 38 33 32 20 23 22 33 20 25 24 33 24 27 57 26 38 34 20 37 23 25 20 20 21 35
leaf_count=34 29 22 21 35 29 38 33 32 20 23 22 33 20 25 24 33 24 27 57 26 38 34 20 37 23 25 20 20 21 35
internal_value=0 0.00206444 -0.00411484 -0.0132237 -0.000767846 -0.00426138 0.00193507 0.0142067 0.000653624 -0.00682743 -8.77213e-05 0.000971124 -0.0117602 -0.000207487 0.00991049 -0.0130474 0.00969201 -0.00110474 -0.000192148 -0.00302447 0.00601535 0.000430128 0.00428266 0.00934091 -0.0123665 0.0113343 -0.00941522 -0.00811006 -0.0202838 0.0162075
internal_weight=0 586 294 79 215 162 95 61 525 58 505 463 42 430 53 67 62 408 383 263 120 192 138 98 71 82 54 40 44 61
internal_count=880 586 294 79 215 162 95 61 525 58 505 463 42 430 53 67 62 408 383 263 120 192 138 98 71 82 54 40 44 61
is_linear=0
shrinkage=0.05


Tree=10
num_leaves=31
num_cat=0
split_feature=41 49 79 53 37 22 36 5 4 83 43 110 106 73 38 32 41 104 65 88 10 65 86 49 68 38 34 100 50 76
split_gain=2.81758 3.62786 3.08522 3.08142 2.91434 2.93777 2.62633 2.56941 2.24309 2.91801 3.51853 3.39001 2.20653 3.02673 2.14782 2.34766 2.11278 2.09629 2.51222 2.53716 2.38893 3.25224 2.45515 2.08022 1.98254 1.87845 1.68707 1.53839 1.51683 1.48187
threshold=-2.0065499999999994 -1.8743499999999997 2.3475000000000006 0.48277000000000009 4.8262000000000009 -1.5807499999999999 -0.61974999999999991 1.0146000000000004 2.8531000000000004 0.78337500000000004 -0.4822999999999999 1.9457000000000002 0.6271150000000002 -0.75162499999999988 0.095226000000000019 1.0000000180025095e-35 -3.9630499999999995 0.24690000000000004 0.83967500000000006 0.93029500000000009 -0.23394499999999999 -1.18875 1.8894500000000003 1.1239000000000001 3.6345000000000005 -1.2557499999999997 -0.62424499999999983 -0.049458999999999996 -1.3588999999999998 -0.085818499999999978
decision_type=2 2 2 2 2 2 2 2 2 2 2 2 2 2 2 2 2 2 2 2 2 2 2 2 2 2 2 2 2 2
left_child=2 28 16 6 5 7 -4 14 9 10 11 26 13 -10 15 25 -1 20 -19 -20 27 -22 23 -23 29 -3 -7 -12 -2 -6
right_child=1 4 3 -5 24 8 -8 -9 12 -11 17 -13 -14 -15 -16 -17 -18 18 19 -21 21 22 -24 -25 -26 -27 -28 -29 -30 -31
leaf_value=-0.0056019336239979513 0.0049773307909439929 0.0016825671579378349 -0.003071667291224003 -0.010248661527617111 -0.0067664036154747005 0.009465069570578636 0.019224662080939328 0.0057736940676381653 -0.0100647655602258 -0.0087992424411433082 -0.01369249282637611 -0.0019212181724253157 -0.018376196306642324 0.015807467338745482 0.0037976398725401272 -0.02855604887008667 -0.0210504960072668 -0.0096357917063251766 -0.0056296872970415281 0.019555402989499274 0.022405463947277323 0.0040684263751495121 -0.009121507345496313 0.022463011267510328 0.0025677181126108435 -0.018313739019567551 0.02717815088562486 0.0056837772529217461 0.022450765257235619 -0.024559127827259629
leaf_weight=53 23 24 25 36 25 20 28 38 26 35 20 21 21 20 22 20 38 53 20 20 38 51 23 22 24 23 41 21 27 22
leaf_count=53 23 24 25 36 25 20 28 38 26 35 20 21 21 20 22 20 38 53 20 20 38 51 23 22 24 23 41 21 27 22
internal_value=0 0.00143468 -0.0055793 0.00103985 0.000436346 0.00160874 0.00870753 -0.00511029 0.00349661 0.00496598 0.0063425 0.0154056 -0.00494679 0.00118403 -0.00975739 -0.0142083 -0.012053 0.00356946 -0.00249659 0.00696286 0.00679313 0.0100245 0.00512376 0.009612 -0.00912445 -0.00810286 0.0213706 -0.00376806 0.014413 -0.0150949
internal_weight=0 700 180 89 650 579 53 127 452 385 350 82 67 46 89 67 91 268 93 40 175 134 96 73 71 47 61 41 50 47
internal_count=880 700 180 89 650 579 53 127 452 385 350 82 67 46 89 67 91 268 93 40 175 134 96 73 71 47 61 41 50 47
is_linear=0
shrinkage=0.05


Tree=11
num_leaves=31
num_cat=0
split_feature=10 12 56 69 27 43 42 30 119 5 49 87 48 44 64 100 69 62 30 45 29 9 64 39 100 6 4 59 17 96
split_gain=2.68165 2.98167 2.60483 3.40159 4.81388 2.64014 3.29421 3.03602 2.34076 2.80617 2.29722 2.73853 4.56302 4.09794 3.034 3.63037 3.10079 2.52357 3.50136 2.29634 2.92546 2.27988 2.26449 2.10006 2.03587 1.98674 1.97195 1.71579 1.70299 1.69948
threshold=2.3425500000000006 19.408000000000005 -0.27572499999999994 -1.7294499999999997 -0.22223999999999997 0.48801500000000003 -2.5812499999999994 -0.66388499999999995 1.0000000180025095e-35 1.7945500000000003 -1.5847499999999999 -1.1451499999999999 2.9981000000000004 -0.36163499999999993 0.12941500000000003 1.4212000000000002 -0.62391999999999992 -0.29577499999999995 0.38044000000000006 1.0513000000000001 2.3062000000000005 0.13525500000000001 -0.70408499999999985 -0.52941499999999986 -0.45317499999999994 1.2204000000000002 -1.1476 -0.47668999999999995 -0.65559999999999985 0.59000000000000008
decision_type=2 2 2 2 2 2 2 2 2 2 2 2 2 2 2 2 2 2 2 2 2 2 2 2 2 2 2 2 2 2
left_child=1 2 3 4 25 6 -5 -7 9 21 -4 12 13 -12 16 17 22 -16 -19 -2 -21 29 -13 -22 -6 28 -9 -10 -1 -8
right_child=19 -3 10 5 24 7 8 26 27 -11 11 14 -14 -15 15 -17 -18 18 -20 20 23 -23 -24 -25 -26 -27 -28 -29 -30 -31
leaf_value=-0.0194757876352274 0.017036414889093392 0.014403847356637321 0.017091053197889224 -0.01448811943053591 0.025620066919161574 -0.0005521159738834415 -0.016138154873624445 -0.006027046505672237 0.020764274053799454 -0.019626241854645992 -0.001149276715066088 -0.010010732650989666 0.013149083045351765 -0.025043215045212387 0.018108482684262777 -0.018480549023176234 0.021878087589223133 -0.018053012758138635 0.0076370533245305227 -0.010300532477939953 -0.001600614080671221 0.015107251489534974 0.013235560087063773 0.020552817227966761 0.0055436231478649591 0.0042812821133445733 -0.023026130601006042 0.0014421964995563032 -0.00037276400486007332 0.0028076213848745001
leaf_weight=28 39 30 23 49 23 35 20 24 20 22 38 20 23 34 22 24 38 21 36 29 20 20 22 23 28 34 59 27 20 29
leaf_count=28 39 30 23 49 23 35 20 24 20 22 38 20 23 34 22 24 38 21 36 29 20 20 22 23 28 34 59 27 20 29
internal_value=0 -0.00104864 -0.00167594 -0.00413679 0.00253586 -0.0070465 -0.00335116 -0.0129027 0.000603264 -0.00407664 0.00190495 0.000648547 -0.00623908 -0.0124325 0.00422409 -0.00144977 0.0115292 0.00372414 -0.00182771 0.00726493 0.00197204 0.000881202 0.0021659 0.0102489 0.0145977 -0.00496602 -0.0181107 0.00966436 -0.0115162 -0.00492535
internal_weight=0 769 739 438 133 305 187 118 138 91 301 278 95 72 183 103 80 79 57 111 72 69 42 43 51 82 83 47 48 49
internal_count=880 769 739 438 133 305 187 118 138 91 301 278 95 72 183 103 80 79 57 111 72 69 42 43 51 82 83 47 48 49
is_linear=0
shrinkage=0.05


Tree=12
num_leaves=31
num_cat=0
split_feature=33 60 76 76 87 56 30 110 86 36 39 110 110 56 70 15 7 12 87 49 22 80 15 92 71 6 53 71 104 39
split_gain=2.54742 3.01508 2.65433 3.20443 3.167 4.36916 3.33345 4.76289 3.88457 3.76918 3.05608 2.68858 3.33065 2.40711 2.22219 3.07487 2.21898 2.30903 3.85671 2.61869 2.06097 2.72362 1.99043 2.08919 1.96992 1.96664 1.81211 1.61977 1.59364 1.49453
threshold=-1.8117499999999997 -1.4931999999999996 4.1389000000000005 3.3371000000000008 -1.1451499999999999 0.56037500000000018 1.0976000000000001 -1.6506999999999998 0.47373500000000007 -0.25639999999999991 -2.3190499999999994 2.2400000000000007 0.25032500000000008 1.2059000000000002 -1.6065999999999998 2.2144000000000008 2.7675000000000005 0.65905000000000002 0.053034500000000005 -0.47504499999999994 1.5347500000000001 0.56702500000000011 -0.61940999999999991 -0.43753499999999995 -0.3505899999999999 0.055752000000000003 -0.61591999999999991 0.70112500000000011 -0.85601999999999989 0.63699000000000006
decision_type=2 2 2 2 2 2 2 2 2 2 2 2 2 2 2 2 2 2 2 2 2 2 2 2 2 2 2 2 2 2
left_child=1 -1 3 4 14 6 7 9 29 -6 -9 12 13 -7 26 22 17 18 -12 -19 21 -4 23 -16 -3 -10 -2 -15 -24 -8
right_child=2 24 20 -5 5 11 8 10 25 -11 16 -13 -14 27 15 -17 -18 19 -20 -21 -22 -23 28 -25 -26 -27 -28 -29 -30 -31
leaf_value=-0.0099143283907324083 0.013720147438686004 0.0049623148009666938 0.0055680586590564681 0.016225531215554683 -0.026460177792857094 0.021732901134528221 -0.011604447738223132 -0.0098270979597522273 -0.0080625545559450985 0.0015620485258599124 0.016036317641696624 -0.0074077234381721138 0.025461080172240282 -0.0055497720734873678 0.0066364101972430957 0.0030508399469238758 0.023385448399931192 0.0015399263147264719 -0.0051948017228151799 0.025813456848263739 -0.023362565679209576 -0.018252530747226308 -0.025871917877245593 -0.015044637203216553 0.020703021652464359 0.014110837758053094 -0.0050430799761201229 0.010689798707608134 -0.0098957807274052401 -0.028210978070273996
leaf_weight=20 22 46 28 29 24 20 42 29 20 24 31 21 33 34 20 38 20 20 69 25 21 21 37 25 35 20 31 28 27 20
leaf_count=20 22 46 28 29 24 20 42 29 20 24 31 21 33 34 20 38 20 20 69 25 21 21 37 25 35 20 31 28 27 20
internal_value=0 0.00747115 -0.000968659 -5.15857e-05 -0.000745757 0.00145683 -0.0015426 0.00165284 -0.00912393 -0.0124491 0.00514197 0.00904363 0.0120478 0.00664976 -0.00603198 -0.00919662 0.0077729 0.00561944 0.00138685 0.0150252 -0.0102573 -0.00464077 -0.0134664 -0.00540862 0.0117639 0.00302414 0.00274543 0.00178423 -0.019132 -0.0169614
internal_weight=0 101 779 709 680 480 344 242 102 48 194 136 115 82 200 147 165 145 100 45 70 49 109 45 81 40 53 62 64 62
internal_count=880 101 779 709 680 480 344 242 102 48 194 136 115 82 200 147 165 145 100 45 70 49 109 45 81 40 53 62 64 62
is_linear=0
shrinkage=0.05


Tree=13
num_leaves=31
num_cat=0
split_feature=27 33 44 101 62 68 31 71 55 81 7 26 94 102 103 19 105 67 107 109 91 106 27 56 72 19 124 65 49 28
split_gain=2.35273 3.1399 3.01859 3.00686 2.97301 2.93901 2.78779 3.41313 2.54895 2.35065 2.34002 2.18031 2.22371 2.68158 2.74596 3.77191 2.49861 2.08518 3.06111 2.1721 2.72151 3.19422 2.86985 2.34533 2.39394 2.32004 2.20714 2.05522 2.2643 1.90913
threshold=-0.86663999999999985 -1.7513999999999996 -0.010670999999999998 -1.1994499999999999 -0.076831499999999983 6.4417500000000008 0.35970500000000005 -0.73321999999999987 -1.0317999999999998 0.15180000000000002 1.0864500000000004 -1.4625999999999997 -2.9485499999999996 3.4499500000000003 -1.7149499999999998 1.7143000000000004 -0.055495499999999996 -0.36916999999999994 -1.3431499999999998 3.5396000000000005 1.2240500000000003 1.0837000000000001 -0.22223999999999997 3.5487000000000006 0.58575500000000014 -1.3674499999999996 1.0000000180025095e-35 0.46570000000000006 -0.49508499999999994 0.83572000000000013
decision_type=2 2 2 2 2 2 2 2 2 2 2 2 2 2 2 2 2 2 2 2 2 2 2 2 2 2 2 2 2 2
left_child=2 9 6 -4 -5 11 8 29 -1 -2 -10 -3 -13 14 16 17 -14 18 -16 20 21 22 -20 24 25 26 -24 -22 -29 -8
right_child=1 5 3 4 -6 -7 7 -9 10 -11 -12 12 13 -15 15 -17 -18 -19 19 -21 27 -23 23 -25 -26 -27 -28 28 -30 -31
leaf_value=-0.019343643715449919 0.022878865029759193 0.015997894360916691 -0.026344393610954288 -0.019520073646510192 0.0043568590393988421 0.018910849382657382 -0.01347154669056181 0.010639925471817455 0.0065708109071212165 0.00322470607102332 -0.01486855573952198 -0.012296622506796549 -0.00093820333450792307 0.017595304052035014 -0.019729843858460133 0.020067915281591318 -0.021543819211157306 0.011121231845713089 -0.018106143726479441 0.011106819121374026 -0.016432699436605299 0.019040091797385528 0.025746394135057929 -0.012371089098894079 -0.0090347534363073388 -0.004245711920139868 0.0051441927917319566 -0.012832171916961671 0.010960170738399029 0.0062208747677505024
leaf_weight=30 29 20 25 22 32 21 32 78 35 32 20 39 31 21 22 24 28 35 21 36 46 23 26 23 22 21 26 20 20 20
leaf_count=30 29 20 25 22 32 21 32 78 35 32 20 39 31 21 22 24 28 35 21 36 46 23 26 23 22 21 26 20 20 20
internal_value=0 0.00183121 -0.00364997 -0.012008 -0.00537078 0.000583646 -0.000578883 0.00402494 -0.00762002 0.0125685 -0.00122532 -0.000179987 -0.000848495 0.000154824 -0.000708973 0.000908785 -0.0107171 -0.000439658 -0.00176198 -0.000370105 -0.00203611 0.00178018 -0.00107578 0.00195505 0.00542348 0.00978076 0.0154453 -0.00922493 -0.000936001 -0.00589754
internal_weight=0 586 294 79 54 525 215 130 85 61 55 504 484 445 424 365 59 341 306 284 248 162 139 118 95 73 52 86 40 52
internal_count=880 586 294 79 54 525 215 130 85 61 55 504 484 445 424 365 59 341 306 284 248 162 139 118 95 73 52 86 40 52
is_linear=0
shrinkage=0.05


Tree=14
num_leaves=31
num_cat=0
split_feature=10 56 69 27 23 27 59 59 110 44 37 49 2 37 36 92 78 78 98 93 39 45 25 32 55 108 92 47 63 108
split_gain=2.25015 2.30929 3.08087 3.16883 2.89652 2.47057 2.19464 2.89145 2.9057 3.24436 2.885 2.66574 2.77989 2.3846 2.02654 2.01294 3.67151 3.08631 2.49438 3.47506 2.09663 1.92751 2.91619 1.7607 1.64669 1.56872 1.55642 1.40689 2.31479 1.6978
threshold=2.3425500000000006 -0.27572499999999994 -1.7944499999999997 -0.15126999999999999 3.2931000000000004 3.8841500000000004 1.3554500000000003 0.69935500000000006 2.9919500000000006 -0.18260999999999997 -0.51942999999999995 0.27638000000000001 0.11274500000000001 1.9485500000000002 0.017834000000000006 3.8004500000000005 -0.64712999999999987 -1.0504999999999998 -0.12397999999999998 -1.9645499999999998 1.6106000000000003 1.0513000000000001 2.5507500000000003 -0.73596499999999987 -1.1236999999999997 -0.94251999999999991 -2.2104499999999994 1.9032000000000002 0.21634000000000003 -0.57750499999999982
decision_type=2 2 2 2 2 2 2 2 2 2 2 2 2 2 2 2 2 2 2 2 2 2 2 2 2 2 2 2 2 2
left_child=1 2 3 26 5 6 7 8 9 11 -11 -3 -13 -12 -14 16 17 20 19 -18 24 -2 -23 -5 -4 -20 -1 28 29 -21
right_child=21 4 15 23 -6 -7 -8 -9 -10 10 13 12 14 -15 -16 -17 18 -19 25 27 -22 22 -24 -25 -26 -27 -28 -29 -30 -31
leaf_value=-0.0071532678190555617 0.015607247057143982 0.018222518847989186 0.0017817062739050018 0.0053147910794775401 0.020729170739650728 0.017193923906333196 -0.01275029643288543 0.013852149660651309 -0.019105438506230712 -0.022259478980586642 0.0063846351913880647 0.01651662664487958 0.0047652931439436299 -0.013459702324083387 -0.016695778105746618 -0.015850167886608028 0.013237179382501739 0.017151450121711039 -0.0062483517491879565 -0.0014940660245801238 0.0095576329234366621 -0.0077127012972548412 0.012443685887710138 0.024738834565505387 -0.017644212946955427 -0.02234374584130398 0.0075302604559020925 -0.018348212583133808 0.0090512735148270927 -0.021369981606091774
leaf_weight=59 39 35 20 28 20 22 31 39 20 21 41 20 22 24 22 44 23 29 24 22 24 38 34 20 24 41 26 26 21 21
leaf_count=59 39 35 20 28 20 22 31 39 20 21 41 20 22 24 22 44 23 29 24 22 24 38 34 20 24 41 26 26 21 21
internal_value=0 -0.000960579 -0.00325517 0.00313786 0.00231121 0.00107094 -0.000218894 0.00137321 -0.00100083 0.000956422 -0.00614781 0.00712778 0.00106034 -0.000942505 -0.00596524 -0.00592061 -0.00433188 0.00349431 -0.00859671 -0.00410762 -0.00233006 0.00665482 0.00180559 0.0134081 -0.00881425 -0.0164008 -0.00266184 -0.00854018 -0.00455566 -0.0112009
internal_weight=0 769 452 133 317 297 275 244 205 185 86 99 64 65 44 319 275 97 178 113 68 111 72 48 44 65 85 90 64 43
internal_count=880 769 452 133 317 297 275 244 205 185 86 99 64 65 44 319 275 97 178 113 68 111 72 48 44 65 85 90 64 43
is_linear=0
shrinkage=0.05


Tree=15
num_leaves=31
num_cat=0
split_feature=33 60 76 76 87 56 30 110 84 36 6 39 9 108 64 59 4 60 6 7 52 94 87 78 117 4 3 6 71 65
split_gain=2.0655 2.5466 2.15648 2.81939 2.71378 3.79204 2.9174 4.12971 3.28758 3.25588 2.58738 2.5325 2.39662 2.72249 2.28747 2.2468 2.32566 1.99939 2.70752 1.8969 2.13741 3.2511 2.03647 1.87074 1.85809 1.78851 1.77696 1.66137 1.65485 2.06719
threshold=-1.8117499999999997 -1.4931999999999996 4.1389000000000005 3.3371000000000008 -1.1451499999999999 0.56037500000000018 1.0976000000000001 -1.6506999999999998 -0.19942499999999999 -0.25639999999999991 -0.045377999999999995 -2.3190499999999994 -1.1533999999999998 0.21013000000000001 0.18148500000000004 -0.84685499999999991 3.0428500000000005 -1.1499999999999997 1.0000000180025095e-35 2.7675000000000005 0.23822000000000002 -0.07411849999999999 0.55724000000000007 0.60654500000000011 1.0000000180025095e-35 0.37189000000000005 -1.4480499999999996 -0.22463999999999998 -0.3505899999999999 -0.34061999999999998
decision_type=2 2 2 2 2 2 2 2 2 2 2 2 2 2 2 2 2 2 2 2 2 2 2 2 2 2 2 2 2 2
left_child=1 -1 3 4 15 6 7 9 27 -6 -10 -9 -7 25 -15 -2 17 -17 -19 20 22 -22 -13 -24 -4 -14 -20 -8 29 -3
right_child=2 28 24 -5 5 12 8 11 10 -11 -12 19 13 14 -16 16 -18 18 26 -21 21 -23 23 -25 -26 -27 -28 -29 -30 -31
leaf_value=-0.0092503845435567191 0.0020473080192907503 0.013734950781620753 -0.0017691446860369883 0.015222302580188061 -0.024616103898733855 -0.0028651411758203594 -0.00783316585002467 -0.0088404288868708849 -0.01070064071548338 0.0014282481822495662 0.013283897110301516 0.010670125738761272 0.012028054145550164 0.016335190597566822 -0.0054949838069400618 -0.019528144861207061 -0.024140618489631876 0.0058576543296856645 -0.00028652926906943323 0.021616186127066613 0.029066620467929172 0.0036611347842742414 -0.017427593399770559 0.0013809770500908295 -0.01812170175689971 0.030698490094231524 -0.020110269261147971 -0.024908216059978668 0.018865730336734228 -0.0076465327604091724
leaf_weight=20 65 26 38 29 24 35 28 29 22 24 23 32 29 21 28 23 22 44 20 20 20 34 20 39 32 23 26 29 35 20
leaf_count=20 65 26 38 29 24 35 28 29 22 24 23 32 29 21 28 23 22 44 20 20 20 34 20 39 32 23 26 29 35 20
internal_value=0 0.00672744 -0.000872235 -4.56262e-05 -0.000696758 0.00134215 -0.00145217 0.00153721 -0.00854462 -0.0115939 0.00155812 0.00478615 0.00841013 0.0123174 0.00386081 -0.00559013 -0.00926742 -0.00637175 -0.00300956 0.00718112 0.00519008 0.0130706 0.000513739 -0.00499481 -0.0092446 0.0202861 -0.0114913 -0.0165205 0.0106726 0.00443865
internal_weight=0 101 779 709 680 480 344 242 102 48 45 194 136 101 49 200 135 113 90 165 145 54 91 59 70 52 46 57 81 46
internal_count=880 101 779 709 680 480 344 242 102 48 45 194 136 101 49 200 135 113 90 165 145 54 91 59 70 52 46 57 81 46
is_linear=0
shrinkage=0.05


Tree=16
num_leaves=31
num_cat=0
split_feature=12 29 25 71 68 33 22 68 68 68 81 10 1 108 38 88 85 21 82 55 27 81 89 77 56 14 24 4 43 110
split_gain=2.18169 2.35604 3.61304 2.27271 2.14073 2.12779 2.07084 2.12785 1.89114 2.26482 2.25608 3.10085 1.91219 1.80547 3.11214 2.06974 2.38744 2.63837 2.12325 1.94787 1.88277 2.62178 1.92382 1.86064 1.92447 1.6263 1.54475 1.53625 1.36649 0.966586
threshold=19.408000000000005 3.6446000000000001 3.0492500000000002 1.1628500000000004 6.4417500000000008 11.345000000000002 3.4358500000000007 -1.6784499999999998 -1.0237499999999999 -0.93064499999999983 0.16549500000000003 -0.38614999999999994 -0.076123499999999997 2.4967000000000006 1.7559500000000001 -0.11452499999999997 7.5065000000000008 2.8464500000000004 -0.78610499999999994 -0.50768499999999983 0.10849500000000002 -0.71290999999999982 -1.5034999999999996 0.038210500000000001 0.31310500000000002 0.32914000000000004 -0.8200599999999999 -0.03812999999999999 -0.85732999999999981 0.059858500000000002
decision_type=2 2 2 2 2 2 2 2 2 2 2 2 2 2 2 2 2 2 2 2 2 2 2 2 2 2 2 2 2 2
left_child=1 2 4 -3 5 6 7 27 10 -10 11 -9 -13 15 25 16 17 18 20 -17 22 -22 -11 -21 -25 -15 -20 -1 -24 -12
right_child=-2 3 -4 -5 -6 -7 -8 8 9 13 29 12 -14 14 -16 19 -18 -19 26 23 21 -23 28 24 -26 -27 -28 -29 -30 -31
leaf_value=0.00062287500542071135 0.013251761446396511 -0.016458349220920356 0.017289018047352632 0.0040201331209391358 0.012919502342440959 -0.015898956826118672 0.012409190791659058 -0.014172717073980053 0.013780353059647261 0.0066802597524864343 -0.024219601929542565 -0.0056474043597136772 0.011187401602699145 -0.025972925052046777 0.0080216901820330394 0.015297317182695544 0.012171964186172073 -0.016901926648323285 -0.021527876053005459 -0.0074321057620074828 0.020565652363002302 -0.0017113834997871892 -0.00053547985117995383 -0.0025066944093189458 0.018178356341693715 -0.0079038569477922985 -0.0030447135607783614 0.018008803416159937 -0.014818294069674963 -0.0088607917167246343
leaf_weight=27 30 42 30 20 29 23 30 39 27 35 21 31 37 20 21 37 26 33 20 34 25 28 33 22 23 33 26 24 34 20
leaf_count=27 30 42 30 20 29 23 30 39 27 35 21 31 37 20 21 37 26 33 20 34 25 28 33 22 23 33 26 24 34 20
internal_value=0 -0.000467709 0.000270679 -0.00985239 -0.00040287 -0.000932841 -0.000445276 -0.00101574 -0.00181707 -0.000285053 -0.00675472 -0.00293338 0.00351271 -0.00112898 -0.00826798 0.000276038 -0.00220182 -0.00379891 -0.00164767 0.00582986 0.00115186 0.00879665 -0.00282043 0.00139574 0.00806566 -0.0147224 -0.0110809 0.00880449 -0.00778348 -0.0167275
internal_weight=0 850 788 62 758 729 706 676 625 477 148 107 68 450 74 376 260 234 201 116 155 53 102 79 45 53 46 51 67 41
internal_count=880 850 788 62 758 729 706 676 625 477 148 107 68 450 74 376 260 234 201 116 155 53 102 79 45 53 46 51 67 41
is_linear=0
shrinkage=0.05


Tree=17
num_leaves=31
num_cat=0
split_feature=12 29 105 15 86 110 97 35 33 26 46 68 68 7 111 43 5 101 30 110 11 54 26 7 26 111 2 37 57 58
split_gain=1.96897 2.12633 3.51994 4.3768 2.69626 2.91605 2.50519 2.29922 1.98138 2.01844 3.04797 2.56634 2.74278 2.15076 2.18765 2.10239 2.01708 3.05258 2.39074 2.05329 1.86912 1.70378 1.95841 2.25758 2.19359 2.72434 2.17265 1.87793 1.42706 1.1854
threshold=19.408000000000005 3.6446000000000001 1.3374500000000002 -1.0617999999999999 3.0771500000000005 -0.46188999999999997 -0.82877999999999996 -0.97218999999999989 10.000850000000002 -1.7637999999999998 -0.034571999999999992 5.4090000000000007 -1.6427999999999998 2.1755500000000003 7.6416000000000013 -2.1548499999999997 -2.2107999999999994 -0.50111499999999987 -1.5443999999999998 0.36024500000000009 2.0204000000000004 2.7831500000000005 -0.73353499999999994 3.6058500000000007 1.2446500000000003 -0.38503499999999996 -0.093836499999999975 0.45223000000000008 -0.035516499999999993 -1.7025499999999998
decision_type=2 2 2 2 2 2 2 2 2 2 2 2 2 2 2 2 2 2 2 2 2 2 2 2 2 2 2 2 2 2
left_child=1 2 8 4 5 6 -4 -3 9 10 13 12 -11 14 29 -15 17 -14 19 20 -18 22 -20 24 25 -24 27 -27 -28 -1
right_child=-2 7 3 -5 -6 -7 -8 -9 -10 11 -12 -13 16 15 -16 -17 18 -19 21 -21 -22 -23 23 -25 -26 26 28 -29 -30 -31
leaf_value=-0.015404827776871136 0.012589173646022876 -0.016004151317645751 0.020041630007538266 0.026629916802048681 0.019746142923831939 -0.010629713491130717 -0.0041020543891049565 0.0045934375468641526 -0.014736260753124952 0.017068202558742918 -0.017984336322626551 0.018148452863984168 0.0031468680162948593 0.017736859230891518 0.0061371445682687834 -0.0041447781519742596 0.022241858347939951 -0.019681385728472379 -0.012132941507216957 -0.0047273621801286938 0.0030543811365284705 0.0095725460036192103 0.015280248607332642 -0.01443007619908223 -0.013134079226596363 0.00046027052837113546 -0.00045828487559714735 0.018874139885010664 -0.016194757685065269 -0.00082405690409359522
leaf_weight=46 30 42 22 25 20 39 21 20 26 23 37 21 27 23 26 21 30 32 45 20 22 32 37 26 23 45 34 20 25 20
leaf_count=46 30 42 22 25 20 39 21 20 26 23 37 21 27 23 26 21 30 32 45 20 22 32 37 26 23 45 34 20 25 20
internal_value=0 -0.000444324 0.000257145 0.00788098 0.00328565 -0.000729099 0.00825053 -0.00935977 -0.00120765 -0.000653719 -0.00526041 0.0010713 0.000258099 -0.00179875 -0.00614715 0.00729335 -0.000666859 -0.00923456 0.000741203 0.00888757 0.0141241 -0.00130248 -0.00266719 -0.00063882 0.00130994 0.00337338 -0.000179481 0.00612608 -0.00712628 -0.0109864
internal_weight=0 850 788 127 102 82 43 62 661 635 173 462 441 136 92 44 418 59 359 72 52 287 255 210 184 161 124 65 59 66
internal_count=880 850 788 127 102 82 43 62 661 635 173 462 441 136 92 44 418 59 359 72 52 287 255 210 184 161 124 65 59 66
is_linear=0
shrinkage=0.05


Tree=18
num_leaves=31
num_cat=0
split_feature=12 29 105 15 25 52 35 43 41 80 83 53 108 28 87 86 83 71 51 15 7 54 23 89 7 3 15 30 68 41
split_gain=1.777 1.91901 3.17675 3.95006 2.82255 2.58356 2.07505 1.8841 1.93822 3.05744 2.31778 2.26411 2.11497 2.01567 2.00891 2.45541 2.25487 2.70251 2.04178 2.41691 2.49298 1.94648 1.7952 1.86818 1.73137 1.537 1.37766 1.55626 1.27468 0.897147
threshold=19.408000000000005 3.6446000000000001 1.3374500000000002 -1.0617999999999999 3.0492500000000002 -0.30607999999999996 -0.97218999999999989 1.6534000000000002 -2.0065499999999994 2.1239500000000002 0.78337500000000004 0.48277000000000009 1.5453000000000003 2.1628500000000002 1.2903500000000003 -0.41746499999999992 -0.47969999999999996 -3.3035999999999994 2.9182500000000005 -0.085718499999999989 -0.78225999999999984 -0.82003999999999988 0.72174000000000016 1.0000000180025095e-35 0.53868500000000008 -0.43532999999999994 1.0492500000000002 -0.78892999999999991 -0.082494999999999999 9.4249000000000027
decision_type=2 2 2 2 2 2 2 2 2 2 2 2 2 2 2 2 2 2 2 2 2 2 2 2 2 2 2 2 2 2
left_child=1 2 7 4 5 -4 29 8 9 26 13 12 -11 14 16 25 17 -10 19 20 -19 -12 23 -21 -22 -16 27 -1 -26 -3
right_child=-2 6 3 -5 -6 -7 -8 -9 10 11 21 -13 -14 -15 15 -17 -18 18 -20 22 24 -23 -24 -25 28 -27 -28 -29 -30 -31
leaf_value=-0.01570144629933768 0.011959714874004325 -0.022868261113762858 -0.010959922308579853 0.025298421099781993 0.016006721730033559 0.0080489464471060219 0.004363765586167574 -0.012982354432460853 0.013681781112216414 0.015467917284078078 -0.017925248888355713 -0.0084565617658786084 -0.0042833441827932134 0.017632533086552507 0.011985563922765625 0.019619829583192066 0.012162779018399307 -0.012848730703237757 0.0087592928517802524 -0.013190954848407552 0.014004594631541266 -5.7294614879148347e-05 -0.021424956458310287 0.004776209779083729 0.0061755177970133869 -0.0044427465527717555 -0.021575733701939936 0.0019975969810848652 -0.0099836402410722301 -0.0082363828381692827
leaf_weight=27 30 20 39 25 30 33 20 32 25 33 27 38 23 21 24 31 32 29 29 39 29 35 30 23 26 35 27 23 23 22
leaf_count=27 30 20 39 25 30 33 20 32 25 33 27 38 23 21 24 31 32 29 29 39 29 35 30 23 26 35 27 23 23 22
internal_value=0 -0.000422108 0.000244288 0.00748693 0.00312137 -0.00224752 -0.00889178 -0.00114726 -0.000545161 -0.00508751 0.00115078 0.000963564 0.00735579 0.00255819 0.00171403 0.00822636 -0.000342493 -0.00192419 -0.00363537 -0.00544162 -0.000332151 -0.0078385 -0.0113842 -0.00652572 0.00432145 0.00223996 -0.0124745 -0.00755989 -0.00140939 -0.0152039
internal_weight=0 850 788 127 102 72 62 661 629 171 458 94 56 396 375 90 285 253 228 199 107 62 92 62 78 59 77 50 49 42
internal_count=880 850 788 127 102 72 62 661 629 171 458 94 56 396 375 90 285 253 228 199 107 62 92 62 78 59 77 50 49 42
is_linear=0
shrinkage=0.05


Tree=19
num_leaves=31
num_cat=0
split_feature=22 39 21 14 39 19 41 14 22 21 40 18 114 85 55 78 54 30 32 100 102 30 69 47 66 33 58 97 1 85
split_gain=1.87599 2.45494 2.52468 3.41324 2.53658 2.71005 2.47995 3.681 2.48788 2.2909 3.88112 3.73287 2.13823 2.27058 2.62885 2.48895 2.45336 2.41664 1.93052 1.81184 3.05535 1.88493 1.78003 1.48066 1.79551 1.26336 1.24007 1.22229 1.06102 1.03803
threshold=-1.5807499999999999 3.1655000000000002 0.63192500000000007 5.6375000000000002 1.7940000000000003 -0.29657499999999998 -1.1321999999999999 1.8306500000000001 3.5045000000000006 -1.4294499999999999 -1.3513499999999998 -1.4618999999999998 1.0000000180025095e-35 -0.50328499999999987 0.14095000000000005 -0.85940499999999986 0.019744000000000005 1.4093500000000001 2.8706500000000008 2.1511500000000008 1.0052000000000001 -1.3281999999999998 0.43831500000000007 -0.54448499999999989 -0.52923999999999993 -1.3455499999999998 -0.27476499999999993 -0.76694999999999991 0.18355500000000002 5.5414000000000012
decision_type=2 2 2 2 2 2 2 2 2 2 2 2 2 2 2 2 2 2 2 2 2 2 2 2 2 2 2 2 2 2
left_child=9 2 3 4 5 12 18 8 19 11 -11 25 13 16 15 -15 26 -16 -4 20 21 -8 -6 -7 -25 -1 -2 -23 -3 -21
right_child=1 28 6 -5 22 23 7 -9 -10 10 -12 -13 -14 14 17 -17 -18 -19 -20 29 -22 27 -24 24 -26 -27 -28 -29 -30 -31
leaf_value=-0.0020803656717318865 -0.0042588832605954105 0.0043504938483238222 -0.01878983152504915 -0.015150216385760966 -0.012066508995162116 0.0044003612645294359 0.0052901693582534798 0.015602129661807946 0.013310771323740485 0.0061017023829313434 -0.016806602437281982 0.009136464593833998 -0.0078260009722518065 -0.01940324494169782 0.00054822473012951808 0.0023052927497173507 0.020976750161618186 0.022451969337416815 -0.0007663000607863069 -0.020357426572949269 0.013430576175451278 -0.001979498751461506 0.0062507354255233495 0.028293608570540391 0.0085277358721941709 -0.019639421254396439 0.012764630233868958 -0.016252353578456679 0.02009707088329141 -0.00520605348981917
leaf_weight=21 23 20 39 24 36 23 25 30 20 26 64 57 35 23 34 31 39 20 24 26 25 24 21 27 20 20 20 40 23 20
leaf_count=21 23 20 39 24 36 23 25 30 20 26 64 57 35 23 34 31 39 20 24 26 25 24 21 27 20 20 20 40 23 20
internal_value=0 0.00120329 0.000436723 0.00309401 0.00433793 0.00620366 -0.00322312 -0.000612944 -0.00331546 -0.00442913 -0.0101886 0.000860228 0.00353062 0.00562263 0.000859893 -0.00694094 0.0118955 0.00866072 -0.0119237 -0.00539374 -0.00201389 -0.00635222 -0.00531805 0.0147956 0.0198826 -0.0106458 0.00365903 -0.0109 0.0127731 -0.0137699
internal_weight=0 692 649 376 352 295 273 210 180 188 90 98 225 190 108 54 82 54 63 160 114 89 57 70 47 41 43 64 43 46
internal_count=880 692 649 376 352 295 273 210 180 188 90 98 225 190 108 54 82 54 63 160 114 89 57 70 47 41 43 64 43 46
is_linear=0
shrinkage=0.05


Tree=20
num_leaves=31
num_cat=0
split_feature=49 10 27 57 22 1 39 19 104 21 19 86 40 49 87 54 15 13 115 20 66 30 103 77 76 86 20 104 31 57
split_gain=1.69734 1.88969 1.88387 2.29299 2.10267 2.50265 2.02214 1.92434 3.19654 1.91949 2.58909 2.20721 2.43911 2.33202 1.97894 2.41668 2.39971 3.01486 2.47207 1.97652 1.86682 1.98323 1.81638 1.80419 1.79049 1.72313 1.45104 1.35007 1.32772 1.23249
threshold=-1.8743499999999997 11.757000000000001 -10.540499999999998 10.314000000000002 -1.5807499999999999 2.7594500000000006 3.2502500000000007 -1.3719999999999997 -0.98398999999999981 0.63192500000000007 -0.67738999999999983 -0.56081499999999995 0.11276000000000001 0.46189500000000006 1.2029500000000002 -0.41969499999999998 -0.35574499999999992 0.35518500000000003 1.0000000180025095e-35 1.7327000000000001 -0.3419299999999999 -0.23595999999999998 1.3158000000000003 -0.12413999999999999 0.044272500000000013 -0.026743999999999993 -1.3889999999999998 0.44735000000000008 -0.24514999999999998 0.73160500000000017
decision_type=2 2 2 2 2 2 2 2 2 2 2 2 2 2 2 2 2 2 2 2 2 2 2 2 2 2 2 2 2 2
left_child=23 2 -2 4 5 7 9 8 -4 10 14 -11 22 -14 16 -16 17 -6 24 -15 21 -12 27 -1 -18 -26 28 29 -9 -13
right_child=1 -3 3 -5 6 -7 -8 26 -10 11 20 12 13 19 15 -17 18 -19 -20 -21 -22 -23 -24 -25 25 -27 -28 -29 -30 -31
leaf_value=-0.0010962189974573751 -0.015142910401134389 0.012919419866055252 0.013505447066431357 0.015674039065128282 -0.0051733726810198281 0.0088377361399276811 0.012547598593300791 0.0034439272526651621 -0.013153375249922925 -0.012459877844750215 0.0053245594525443661 -0.011288325317824881 -0.0090516589989420027 -0.00095136124767701731 -0.0029716693699873729 0.017440802870510981 -0.025164691466753458 0.016331133755323076 0.0044627266694550159 0.018174114672999297 1.2639285448719473e-05 0.023980433957908175 0.0074002511441358361 0.015726673493490502 0.0024238058789209887 -0.016275421230654633 -0.018534316044766456 -0.019684982106454023 -0.013840088646858931 0.0033395354558403293
leaf_weight=30 23 25 22 21 39 24 32 20 23 56 28 36 20 22 29 29 22 28 27 35 34 29 20 34 22 28 50 23 25 24
leaf_count=30 23 25 22 21 39 24 32 20 23 56 28 36 20 22 29 29 22 28 27 35 34 29 20 34 22 28 50 23 25 24
internal_value=0 -0.000614976 -0.00104274 -0.000620467 -0.00107855 -0.00608013 0.000328418 -0.00863748 -0.000120173 -0.000381226 0.00217317 -0.00379069 -0.00109361 0.00563806 -0.000716083 0.00723457 -0.00349402 0.00381359 -0.00843957 0.0107924 0.00928516 0.0148161 -0.00612602 0.00784094 -0.0132779 -0.00804776 -0.012672 -0.00938537 -0.0061583 -0.00543718
internal_weight=0 816 791 768 747 164 583 140 45 551 315 236 180 77 224 58 166 67 99 57 91 57 103 64 72 50 95 83 45 60
internal_count=880 816 791 768 747 164 583 140 45 551 315 236 180 77 224 58 166 67 99 57 91 57 103 64 72 50 95 83 45 60
is_linear=0
shrinkage=0.05


end of trees

feature_importances:
recent_25_correlation_stddev_median_ratio=16
recent_15%_loss_best_percentile25_ratio=15
recent_10_loss_kurtosis=14
recent_10_loss_best_percentile75_ratio=13
recent_15%_correlation_stddev_best_ratio=13
recent_25_correlation_best_percentile25_ratio=13
recent_15%_correlation_best_percentile25_ratio=12
top_10%_correlation_kurtosis=12
top_20%_correlation_best_percentile25_ratio=12
all_correlation_kurtosis=11
recent_10_correlation_skew=11
top_10%_correlation_stddev_best_ratio=11
top_20%_correlation_skew=11
top_20%_correlation_stddev_best_ratio=11
top_10%_loss_kurtosis=10
all_loss_best_percentile75_ratio=9
recent_10_loss_skew=9
recent_15%_loss_best_percentile75_ratio=9
recent_25_correlation_best_percentile50_ratio=9
top_30%_loss_kurtosis=9
top_30%_loss_skew=9
all_correlation_best_percentile50_ratio=8
all_correlation_percentile5_percentile25_ratio=8
all_correlation_stddev_best_ratio=8
all_correlation_stddev_median_ratio=8
all_loss_stddev_median_ratio=8
recent_10_correlation_percentile5_percentile25_ratio=8
recent_15%_loss_kurtosis=8
recent_15%_loss_skew=8
recent_25_correlation_skew=8
top_10%_correlation_best_percentile25_ratio=8
all_correlation_skew=7
recent_10_correlation_best_percentile75_ratio=7
recent_15%_correlation_kurtosis=7
recent_15%_correlation_percentile5_percentile25_ratio=7
top_10%_correlation_skew=7
top_10%_loss_stddev_best_ratio=7
all_correlation_best_percentile75_ratio=6
all_loss_percentile5_percentile25_ratio=6
recent_10_correlation_best_percentile25_ratio=6
recent_10_correlation_stddev_best_ratio=6
recent_10_loss_percentile5_percentile25_ratio=6
recent_15%_correlation_skew=6
recent_15%_loss_best_percentile50_ratio=6
recent_25_correlation_percentile5_percentile25_ratio=6
recent_25_correlation_stddev_best_ratio=6
recent_25_loss_best_percentile25_ratio=6
recent_25_loss_kurtosis=6
top_10%_loss_skew=6
top_20%_correlation_best_percentile75_ratio=6
top_20%_loss_kurtosis=6
recent_10_correlation_best_percentile50_ratio=5
recent_15%_correlation_best_percentile75_ratio=5
recent_15%_loss_percentile5_percentile25_ratio=5
recent_25_correlation_kurtosis=5
recent_25_loss_best_percentile75_ratio=5
recent_25_loss_stddev_median_ratio=5
top_10%_correlation_best_percentile50_ratio=5
top_10%_correlation_percentile5_percentile25_ratio=5
top_20%_loss_skew=5
top_30%_correlation_best_percentile25_ratio=5
top_30%_correlation_kurtosis=5
top_30%_correlation_percentile5_percentile25_ratio=5
secondaryTopLockingPercentile=5
all_loss_best_percentile50_ratio=4
recent_10_correlation_kurtosis=4
recent_10_loss_best_percentile25_ratio=4
recent_10_loss_best_percentile50_ratio=4
recent_10_loss_stddev_median_ratio=4
recent_25_loss_skew=4
top_10%_loss_stddev_median_ratio=4
top_20%_correlation_percentile5_percentile25_ratio=4
top_30%_correlation_stddev_median_ratio=4
top_30%_loss_best_percentile25_ratio=4
all_correlation_best_percentile25_ratio=3
all_loss_best_percentile25_ratio=3
all_loss_kurtosis=3
all_loss_stddev_best_ratio=3
recent_10_loss_stddev_best_ratio=3
recent_15%_correlation_best_percentile50_ratio=3
recent_15%_correlation_stddev_median_ratio=3
recent_15%_loss_stddev_best_ratio=3
recent_25_correlation_best_percentile75_ratio=3
top_10%_loss_percentile5_percentile25_ratio=3
top_20%_correlation_stddev_median_ratio=3
top_30%_correlation_stddev_best_ratio=3
log10_cardinality=2
recent_25_loss_best_percentile50_ratio=2
recent_25_loss_stddev_best_ratio=2
top_10%_correlation_best_percentile75_ratio=2
top_10%_loss_best_percentile75_ratio=2
top_20%_correlation_kurtosis=2
top_20%_loss_best_percentile25_ratio=2
top_20%_loss_best_percentile75_ratio=2
top_30%_correlation_best_percentile50_ratio=2
top_30%_correlation_skew=2
top_30%_loss_best_percentile50_ratio=2
top_30%_loss_best_percentile75_ratio=2
top_30%_loss_stddev_best_ratio=2
resultFilteringMode_none=2
secondaryProbabilityMode_correlation=2
all_loss_skew=1
recent_10_correlation_stddev_median_ratio=1
recent_15%_loss_stddev_median_ratio=1
recent_25_loss_percentile5_percentile25_ratio=1
top_10%_correlation_stddev_median_ratio=1
top_10%_loss_best_percentile25_ratio=1
top_20%_correlation_best_percentile50_ratio=1
top_20%_loss_percentile5_percentile25_ratio=1
top_20%_loss_stddev_median_ratio=1
top_30%_correlation_best_percentile75_ratio=1
top_30%_loss_percentile5_percentile25_ratio=1
resultFilteringMode_loss_rank=1
secondaryLockingMode_random=1
resultFilteringAgeMultiplier=1

parameters:
[boosting: gbdt]
[objective: regression]
[metric: l2]
[tree_learner: serial]
[device_type: cpu]
[data_sample_strategy: bagging]
[data: ]
[valid: ]
[num_iterations: 100]
[learning_rate: 0.05]
[num_leaves: 31]
[num_threads: 0]
[seed: 0]
[deterministic: 0]
[force_col_wise: 0]
[force_row_wise: 0]
[histogram_pool_size: -1]
[max_depth: -1]
[min_data_in_leaf: 20]
[min_sum_hessian_in_leaf: 0.001]
[bagging_fraction: 1]
[pos_bagging_fraction: 1]
[neg_bagging_fraction: 1]
[bagging_freq: 0]
[bagging_seed: 3]
[feature_fraction: 0.85]
[feature_fraction_bynode: 1]
[feature_fraction_seed: 2]
[extra_trees: 0]
[extra_seed: 6]
[early_stopping_round: 5]
[early_stopping_min_delta: 0]
[first_metric_only: 0]
[max_delta_step: 0]
[lambda_l1: 0]
[lambda_l2: 0]
[linear_lambda: 0]
[min_gain_to_split: 0]
[drop_rate: 0.1]
[max_drop: 50]
[skip_drop: 0.5]
[xgboost_dart_mode: 0]
[uniform_drop: 0]
[drop_seed: 4]
[top_rate: 0.2]
[other_rate: 0.1]
[min_data_per_group: 100]
[max_cat_threshold: 32]
[cat_l2: 10]
[cat_smooth: 10]
[max_cat_to_onehot: 4]
[top_k: 20]
[monotone_constraints: ]
[monotone_constraints_method: basic]
[monotone_penalty: 0]
[feature_contri: ]
[forcedsplits_filename: ]
[refit_decay_rate: 0.9]
[cegb_tradeoff: 1]
[cegb_penalty_split: 0]
[cegb_penalty_feature_lazy: ]
[cegb_penalty_feature_coupled: ]
[path_smooth: 0]
[interaction_constraints: ]
[verbosity: -1]
[saved_feature_importance_type: 0]
[use_quantized_grad: 0]
[num_grad_quant_bins: 4]
[quant_train_renew_leaf: 0]
[stochastic_rounding: 1]
[linear_tree: 0]
[max_bin: 255]
[max_bin_by_feature: ]
[min_data_in_bin: 3]
[bin_construct_sample_cnt: 200000]
[data_random_seed: 1]
[is_enable_sparse: 1]
[enable_bundle: 1]
[use_missing: 1]
[zero_as_missing: 0]
[feature_pre_filter: 1]
[pre_partition: 0]
[two_round: 0]
[header: 0]
[label_column: ]
[weight_column: ]
[group_column: ]
[ignore_column: ]
[categorical_feature: ]
[forcedbins_filename: ]
[precise_float_parser: 0]
[parser_config_file: ]
[objective_seed: 5]
[num_class: 1]
[is_unbalance: 0]
[scale_pos_weight: 1]
[sigmoid: 1]
[boost_from_average: 1]
[reg_sqrt: 0]
[alpha: 0.9]
[fair_c: 1]
[poisson_max_delta_step: 0.7]
[tweedie_variance_power: 1.5]
[lambdarank_truncation_level: 30]
[lambdarank_norm: 1]
[label_gain: ]
[lambdarank_position_bias_regularization: 0]
[eval_at: ]
[multi_error_top_k: 1]
[auc_mu_weights: ]
[num_machines: 1]
[local_listen_port: 12400]
[time_out: 120]
[machine_list_filename: ]
[machines: ]
[gpu_platform_id: -1]
[gpu_device_id: -1]
[gpu_use_dp: 0]
[num_gpu: 1]

end of parameters

pandas_categorical:null
