tree
version=v4
num_class=1
num_tree_per_iteration=1
label_index=0
max_feature_idx=129
objective=regression
feature_names=all_correlation_best_percentile25_ratio all_correlation_best_percentile50_ratio all_correlation_best_percentile75_ratio all_correlation_kurtosis all_correlation_percentile5_percentile25_ratio all_correlation_skew all_correlation_stddev_best_ratio all_correlation_stddev_median_ratio all_loss_best_percentile25_ratio all_loss_best_percentile50_ratio all_loss_best_percentile75_ratio all_loss_kurtosis all_loss_percentile5_percentile25_ratio all_loss_skew all_loss_stddev_best_ratio all_loss_stddev_median_ratio log10_cardinality recent_10_correlation_best_percentile25_ratio recent_10_correlation_best_percentile50_ratio recent_10_correlation_best_percentile75_ratio recent_10_correlation_kurtosis recent_10_correlation_percentile5_percentile25_ratio recent_10_correlation_skew recent_10_correlation_stddev_best_ratio recent_10_correlation_stddev_median_ratio recent_10_loss_best_percentile25_ratio recent_10_loss_best_percentile50_ratio recent_10_loss_best_percentile75_ratio recent_10_loss_kurtosis recent_10_loss_percentile5_percentile25_ratio recent_10_loss_skew recent_10_loss_stddev_best_ratio recent_10_loss_stddev_median_ratio recent_15%_correlation_best_percentile25_ratio recent_15%_correlation_best_percentile50_ratio recent_15%_correlation_best_percentile75_ratio recent_15%_correlation_kurtosis recent_15%_correlation_percentile5_percentile25_ratio recent_15%_correlation_skew recent_15%_correlation_stddev_best_ratio recent_15%_correlation_stddev_median_ratio recent_15%_loss_best_percentile25_ratio recent_15%_loss_best_percentile50_ratio recent_15%_loss_best_percentile75_ratio recent_15%_loss_kurtosis recent_15%_loss_percentile5_percentile25_ratio recent_15%_loss_skew recent_15%_loss_stddev_best_ratio recent_15%_loss_stddev_median_ratio recent_25_correlation_best_percentile25_ratio recent_25_correlation_best_percentile50_ratio recent_25_correlation_best_percentile75_ratio recent_25_correlation_kurtosis recent_25_correlation_percentile5_percentile25_ratio recent_25_correlation_skew recent_25_correlation_stddev_best_ratio recent_25_correlation_stddev_median_ratio recent_25_loss_best_percentile25_ratio recent_25_loss_best_percentile50_ratio recent_25_loss_best_percentile75_ratio recent_25_loss_kurtosis recent_25_loss_percentile5_percentile25_ratio recent_25_loss_skew recent_25_loss_stddev_best_ratio recent_25_loss_stddev_median_ratio top_10%_correlation_best_percentile25_ratio top_10%_correlation_best_percentile50_ratio top_10%_correlation_best_percentile75_ratio top_10%_correlation_kurtosis top_10%_correlation_percentile5_percentile25_ratio top_10%_correlation_skew top_10%_correlation_stddev_best_ratio top_10%_correlation_stddev_median_ratio top_10%_loss_best_percentile25_ratio top_10%_loss_best_percentile50_ratio top_10%_loss_best_percentile75_ratio top_10%_loss_kurtosis top_10%_loss_percentile5_percentile25_ratio top_10%_loss_skew top_10%_loss_stddev_best_ratio top_10%_loss_stddev_median_ratio top_20%_correlation_best_percentile25_ratio top_20%_correlation_best_percentile50_ratio top_20%_correlation_best_percentile75_ratio top_20%_correlation_kurtosis top_20%_correlation_percentile5_percentile25_ratio top_20%_correlation_skew top_20%_correlation_stddev_best_ratio top_20%_correlation_stddev_median_ratio top_20%_loss_best_percentile25_ratio top_20%_loss_best_percentile50_ratio top_20%_loss_best_percentile75_ratio top_20%_loss_kurtosis top_20%_loss_percentile5_percentile25_ratio top_20%_loss_skew top_20%_loss_stddev_best_ratio top_20%_loss_stddev_median_ratio top_30%_correlation_best_percentile25_ratio top_30%_correlation_best_percentile50_ratio top_30%_correlation_best_percentile75_ratio top_30%_correlation_kurtosis top_30%_correlation_percentile5_percentile25_ratio top_30%_correlation_skew top_30%_correlation_stddev_best_ratio top_30%_correlation_stddev_median_ratio top_30%_loss_best_percentile25_ratio top_30%_loss_best_percentile50_ratio top_30%_loss_best_percentile75_ratio top_30%_loss_kurtosis top_30%_loss_percentile5_percentile25_ratio top_30%_loss_skew top_30%_loss_stddev_best_ratio top_30%_loss_stddev_median_ratio resultFilteringMode_age resultFilteringMode_loss_rank resultFilteringMode_none resultFilteringMode_random secondaryProbabilityMode_correlation secondaryProbabilityMode_fixed secondaryLockingMode_random secondaryLockingMode_top resultFilteringAgeMultiplier resultFilteringLossRankMultiplier resultFilteringRandomProbability secondaryTopLockingPercentile secondaryCorrelationExponent secondaryCorrelationMultiplier secondaryFixedProbability secondaryCutoff gamma
feature_infos=[-2.7585000000000002:12.096] [-3.1349:22.742999999999999] [-4.2889999999999997:348.13999999999999] [-3.0638000000000001:16.376000000000001] [-2.8199999999999998:16.007999999999999] [-10.465999999999999:6.9572000000000003] [-10.196:5.5462999999999996] [-4.9671000000000003:26.239000000000001] [-5126:1120.8] [-567.79999999999995:2690.0999999999999] [-506.04000000000002:810.32000000000005] [-2.5886999999999998:18.346] [-5325:824.69000000000005] [-8.2829999999999995:9.0170999999999992] [-473.61000000000001:110.67] [-4837:490.19999999999999] [-3.4767999999999999:4.4359000000000002] [-4.3643999999999998:255.68000000000001] [-2.6444000000000001:150.03] [-2.2385999999999999:239.21000000000001] [-2.4207000000000001:22.759] [-5.1281999999999996:170.59] [-7.5959000000000003:8.7441999999999993] [-6.4291:5.5557999999999996] [-2.5219:170.97] [-1177.5999999999999:1840.5] [-19887:559.12] [-280.63999999999999:248.15000000000001] [-1.9136:2.1812999999999998] [-1219:1338.5999999999999] [-5.7264999999999997:1.9712000000000001] [-1515.0999999999999:211.83000000000001] [-315:9796.6000000000004] [-4.9798:756.27999999999997] [-2.8128000000000002:170.72999999999999] [-2.4746999999999999:215.09] [-2.7593999999999999:19.036999999999999] [-5.7945000000000002:454.60000000000002] [-7.1641000000000004:8.4036000000000008] [-9.2312999999999992:6.9210000000000003] [-2.6337999999999999:169.08000000000001] [-301.29000000000002:1082.5999999999999] [-1054.3:2389.9000000000001] [-622.17999999999995:485.41000000000003] [-1.4893000000000001:16.936] [-262.89999999999998:1157.9000000000001] [-3.9784000000000002:7.1360000000000001] [-1134.0999999999999:206.11000000000001] [-2725.0999999999999:6617.6000000000004] [-5.3132000000000001:182.53999999999999] [-3.2658999999999998:641.96000000000004] [-2.3534000000000002:1293] [-2.7898999999999998:20.292000000000002] [-6.4752999999999998:145.03999999999999] [-8.1113:8.3633000000000006] [-7.6295999999999999:5.8018000000000001] [-2.9634999999999998:711.14999999999998] [-170:2965.5] [-670.36000000000001:465.23000000000002] [-290.44999999999999:1796.7] [-1.9281999999999999:3.6038999999999999] [-141.97:3118.5] [-6.3792999999999997:3.1057000000000001] [-636.32000000000005:126.3] [-1028:670.66999999999996] [-3.8249:203.49000000000001] [-2.2526000000000002:171.53999999999999] [-2.1015999999999999:75.602000000000004] [-2.1911:15.638999999999999] [-4.6616:226.11000000000001] [-11.215:7.4360999999999997] [-14.228999999999999:6.6036000000000001] [-2.3298000000000001:156.16] [-804.83000000000004:950.64999999999998] [-237.52000000000001:854.76999999999998] [-4746.6999999999998:837.57000000000005] [-3.1417999999999999:67.188000000000002] [-671.47000000000003:896.32000000000005] [-17.552:10.898999999999999] [-565.15999999999997:267.94] [-588.87:236.90000000000001] [-4.4303999999999997:302.19999999999999] [-2.3784000000000001:496.85000000000002] [-2.0764:147] [-2.5341999999999998:14.991] [-5.4390999999999998:374.38] [-12.369999999999999:7.6329000000000002] [-15.390000000000001:7.5674000000000001] [-2.4765999999999999:451.25999999999999] [-241.74000000000001:870.32000000000005] [-176.74000000000001:1673.5] [-1134.3:411.51999999999998] [-3.8809999999999998:80.233000000000004] [-187.16999999999999:427.30000000000001] [-16.16:8.0564] [-550.12:180.30000000000001] [-883.88999999999999:228.02000000000001] [-4.8955000000000002:249.44] [-2.1396000000000002:1545.5] [-1.8222:433.41000000000003] [-2.3641000000000001:23.234000000000002] [-6.1416000000000004:333.32999999999998] [-9.1119000000000003:8.8153000000000006] [-9.3923000000000005:6.7373000000000003] [-2.1368:1317.4000000000001] [-1300.7:843.67999999999995] [-1113.0999999999999:403.93000000000001] [-1125.5:1327.8] [-3.7747999999999999:47.898000000000003] [-1041.5999999999999:174.66] [-11.696:9.9757999999999996] [-407.25999999999999:159.52000000000001] [-544.32000000000005:722.84000000000003] [0:1] [0:1] [0:1] [0:1] [0:1] [0:1] [0:1] [0:1] [-3:4] [-3:4] [-3:0.90000000000000002] [-3:10] [1:3] [-3:1.8] [-3:0.75] [-1:1] [0.20000000000000001:2]
tree_sizes=2612 2720 2723 2711 2719 2716 2706 2692 2728 2722 2719 2720 2733 2728 2717 2726 2736 2720

Tree=0
num_leaves=31
num_cat=0
split_feature=11 21 103 109 127 6 92 18 71 94 4 76 13 9 8 94 38 25 73 74 40 39 84 5 94 84 92 108 12 61
split_gain=4190.51 2553.92 2218.78 1697.68 1569.2 1616 1539.62 1598.4 1504.6 1417.88 1356.73 1684.5 1382.77 1671.16 1330.93 1201.69 1505.03 1114.79 985.794 970.906 889.864 778.934 939.826 714.668 1344.46 711.789 966.974 783.899 670.655 610.912
threshold=-1.1157999999999999 -0.84722999999999993 2.5528000000000004 -2.4269999999999996 0.22500000000000001 1.0000000180025095e-35 -0.66767499999999991 0.7437100000000002 -3.6563999999999992 3.8148500000000003 4.2903000000000011 -2.1336499999999994 0.45267000000000007 -0.47231999999999991 -1.2638999999999998 -0.41860999999999993 -0.043596499999999989 0.25922500000000009 0.26695500000000005 -0.18471499999999999 -1.2771999999999999 -0.52941499999999986 0.63195000000000012 -0.38133999999999996 -0.9085399999999999 0.73983500000000013 -0.63200499999999982 1.0986000000000002 0.59461000000000019 -2.1430999999999996
decision_type=2 2 2 2 2 2 2 2 2 2 2 2 2 2 2 2 2 2 2 2 2 2 2 2 2 2 2 2 2 2
left_child=1 4 6 15 20 -6 7 29 -5 10 11 -10 23 14 -14 16 -2 28 19 -19 -1 -8 -23 24 -13 26 -20 -28 -15 -3
right_child=3 2 -4 8 5 -7 21 -9 9 -11 -12 12 13 17 -16 -17 -18 18 25 -21 -22 22 -24 -25 -26 -27 27 -29 -30 -31
leaf_value=14.669199621064861 14.905638541597309 14.906590919711373 15.182887217332217 15.09611472526154 15.624686159509601 15.02409091673114 14.334866788768469 15.241590919711372 15.028257586378039 15.003832298610652 14.948355625593726 14.355556441474484 14.672954560409893 14.398919687324561 15.229448062000852 14.201742443171414 14.313863651318984 14.677500010259223 14.938764838456166 15.090590923049232 15.071885038760895 14.860664995109994 14.425721358122091 14.352305207809845 14.845850178529115 14.351808315680433 14.379694370042568 14.786590922095559 14.683142647548904 14.532424255031527
leaf_weight=23 21 20 27 21 21 24 29 20 24 29 34 29 22 73 21 33 22 33 23 25 34 27 23 70 27 23 29 20 29 24
leaf_count=23 21 20 27 21 21 24 29 20 24 29 34 29 22 73 21 33 22 33 23 25 34 27 23 70 27 23 29 20 29 24
internal_value=14.7227 14.8859 14.7672 14.6497 15.0836 15.3044 14.6887 14.871 14.6813 14.6643 14.6439 14.6207 14.5977 14.6564 14.9447 14.4287 14.6029 14.6078 14.6931 14.8556 14.9094 14.541 14.6606 14.4588 14.5919 14.594 14.6713 14.5458 14.4797 14.7025
internal_weight=0 272 170 608 102 45 143 64 532 511 482 448 424 298 43 76 43 255 153 58 57 79 50 126 56 95 72 49 102 44
internal_count=880 272 170 608 102 45 143 64 532 511 482 448 424 298 43 76 43 255 153 58 57 79 50 126 56 95 72 49 102 44
is_linear=0
shrinkage=1


Tree=1
num_leaves=31
num_cat=0
split_feature=11 24 21 124 25 42 49 36 109 109 75 28 50 60 71 60 14 107 76 101 17 94 9 21 102 81 54 44 44 107
split_gain=3781.94 2314.12 2134.24 1697.8 1647.81 1803.06 1610.79 1571.91 1471.87 1677.51 2094.9 1690.95 1444.43 1512.67 1409.73 2390.24 1177.87 1027.02 1003.72 932.819 867.901 844.999 878.046 838.383 814.457 1315.57 764.166 710.177 691.768 1039.79
threshold=-1.1157999999999999 -1.6524999999999996 -1.2637999999999998 1.0000000180025095e-35 -7.405549999999999 -2.2304499999999998 -1.8743499999999997 -0.78817499999999996 -2.4269999999999996 0.16668500000000003 -0.32575999999999994 -0.6441699999999998 -1.1035999999999999 -0.96660499999999994 0.18309500000000004 2.1188500000000006 0.20385500000000004 -0.29237999999999992 1.0385500000000001 -1.4136499999999999 2.3222000000000005 -0.41860999999999993 -1.3479999999999996 -0.21219999999999997 0.25351500000000005 -0.5792449999999999 -1.6143999999999996 0.78858000000000017 0.21012500000000003 1.3438000000000001
decision_type=2 2 2 2 2 2 2 2 2 2 2 2 2 2 2 2 2 2 2 2 2 2 2 2 2 2 2 2 2 2
left_child=1 3 7 20 -4 -6 26 -3 21 10 14 -12 -7 -14 15 16 -10 -16 -18 27 -1 22 -8 -13 -21 -26 -2 -11 -27 -30
right_child=6 2 4 -5 5 12 8 -9 9 19 11 23 13 -15 17 -17 18 -19 -20 24 -22 -23 -24 -25 25 28 -28 -29 29 -31
leaf_value=0.33216808116436009 0.02912127142367156 0.25440519231816999 0.51640681853661174 -0.32491169008943771 -0.28224330213334831 -0.070373460650444031 0.084512446969747551 0.8389724975046905 0.19365094509618036 0.24996437313763994 0.64992335580644156 -0.1330502412468195 0.5344292712708314 0.00045670221249262497 -0.36186398194825398 0.48674388861656193 -0.42002970156846225 0.065927942097187039 -0.0060810955241322523 -0.30756899118423464 -0.10973424911499025 -0.4944621112197638 -0.3840081235766411 0.3247661180794239 0.17739307999610901 -0.40092109680175786 0.45171115875244139 -0.15220243320578622 0.15535204358722854 -0.27993589188246165
leaf_weight=25 23 23 26 36 27 35 20 23 29 23 21 20 36 21 47 25 27 20 32 91 20 32 20 20 30 30 20 21 23 34
leaf_count=25 23 23 26 36 27 35 20 23 29 23 21 20 36 21 47 25 27 20 32 91 20 32 20 20 30 30 20 21 23 34
internal_value=0 0.154972 0.249946 -0.0689791 0.155807 0.0770202 -0.0693295 0.546689 -0.0917812 -0.0609405 0.0333724 0.286602 0.182456 0.337703 -0.0524443 0.0553016 -0.0672673 -0.234165 -0.195515 -0.151137 0.135767 -0.302954 -0.149748 0.0958579 -0.195381 -0.108124 0.225675 0.0580211 -0.206579 -0.104293
internal_weight=0 272 191 81 145 119 608 46 565 493 241 61 92 57 180 113 88 67 59 252 45 72 40 40 208 117 43 44 87 57
internal_count=880 272 191 81 145 119 608 46 565 493 241 61 92 57 180 113 88 67 59 252 45 72 40 40 208 117 43 44 87 57
is_linear=0
shrinkage=0.05


Tree=2
num_leaves=31
num_cat=0
split_feature=11 24 103 17 40 40 124 49 53 109 109 105 87 2 25 79 103 42 53 87 111 86 17 94 9 14 22 11 9 50
split_gain=3413.2 2088.5 2133.37 2080.1 1732.23 1546.7 1532.26 1453.74 1433.6 1328.37 1513.95 2186.7 1413.15 1395.67 1137.37 1719.56 1023.15 918.332 845.587 1338.39 1222.74 805.826 783.28 762.611 792.437 702.207 686.814 657.921 611.721 602.295
threshold=-1.1157999999999999 -1.6524999999999996 1.9716500000000001 -1.0169499999999998 -0.46028499999999994 -1.5087499999999998 1.0000000180025095e-35 -1.8743499999999997 -0.92808999999999986 -2.4269999999999996 0.16668500000000003 -0.18181999999999995 -0.11511499999999998 -1.1098999999999999 0.44208500000000006 1.7006500000000002 3.1160000000000001 -1.9506499999999998 1.8237500000000002 -0.85565999999999987 -0.9346549999999999 -1.2294499999999997 2.3222000000000005 -0.41860999999999993 -1.3479999999999996 0.40651000000000004 1.0000000180025095e-35 2.7125000000000008 -0.95404999999999984 -0.41700999999999994
decision_type=2 2 2 2 2 2 2 2 2 2 2 2 2 2 2 2 2 2 2 2 2 2 2 2 2 2 2 2 2 2
left_child=1 6 3 8 -4 -5 22 25 -3 23 11 13 -13 21 15 28 18 -7 27 -20 -21 -11 -1 24 -9 -2 -19 29 -15 -12
right_child=7 2 4 5 -6 17 -8 9 -10 10 16 12 -14 14 -16 -17 -18 26 19 20 -22 -23 -24 -25 -26 -27 -28 -29 -30 -31
leaf_value=0.31555967378616334 0.42120030210131693 0.70168530319048017 0.21541202098131179 0.39684755404790245 0.85835316397927031 -0.29227837547659874 -0.30866611381578779 0.080286820530891423 0.16450050848501702 -0.043674697279930119 -0.19393981522635412 0.071403535561902196 0.58859746563434612 0.094297949189231511 0.31566992540444649 0.33530452400445943 0.19056607257752192 -0.11293795567292433 -0.35358124038447508 -0.095072064807097761 0.39906542210706641 -0.46241306905393248 -0.10424753904342653 -0.46973900869488716 -0.36480770438909532 0.016982073675502429 0.27679472804069521 -0.0052369281053543095 -0.21443104949670244 -0.41117094755172734
leaf_weight=25 21 23 20 21 22 32 36 20 27 20 76 28 25 21 28 24 21 26 23 31 21 27 20 32 20 22 20 25 68 55
leaf_count=25 21 23 20 21 22 32 36 20 27 20 76 28 25 21 28 24 21 26 23 31 21 27 20 32 20 22 20 25 68 55
internal_value=0 0.147223 0.237449 0.148729 0.552191 0.0159636 -0.0655301 -0.0658631 0.411606 -0.0871921 -0.0578935 0.0317037 0.315363 -0.048264 0.0303902 -0.0402986 -0.14358 -0.0865821 -0.173957 -0.0359897 0.104483 -0.284227 0.128979 -0.287806 -0.14226 0.214391 0.056511 -0.240287 -0.141585 -0.285144
internal_weight=0 272 191 149 42 99 81 608 50 565 493 241 53 188 141 113 252 78 231 75 52 47 45 72 40 43 46 156 89 131
internal_count=880 272 191 149 42 99 81 608 50 565 493 241 53 188 141 113 252 78 231 75 52 47 45 72 40 43 46 156 89 131
is_linear=0
shrinkage=0.05


Tree=3
num_leaves=31
num_cat=0
split_feature=11 21 103 124 100 88 76 94 4 11 128 92 18 94 25 129 45 57 40 5 69 5 39 84 54 24 98 28 90 25
split_gain=3080.41 1946.08 1846.91 1666.11 1396.12 1420.86 1338.21 1245.6 1378.26 1309.19 1302.25 1242.57 1309.6 1221.34 1362.71 1380.91 864.516 977.01 1168.55 909.125 920.562 772.582 694.761 796.636 551.874 549.508 527.108 511.817 348.463 666.842
threshold=-1.1157999999999999 -0.84722999999999993 2.5528000000000004 7.5000000000000009 -0.31259499999999996 -1.1262999999999999 -2.8015999999999996 3.8148500000000003 4.2903000000000011 -0.28537499999999993 0.75000000000000011 -0.66767499999999991 0.7437100000000002 -1.2622999999999998 0.47086500000000003 1.7000000000000004 -0.113825 1.1736500000000001 -0.69049999999999989 0.024586000000000004 -0.85470499999999994 -0.26101499999999994 -0.52941499999999986 0.63195000000000012 -0.41969499999999998 -0.93465999999999994 -1.2023499999999998 0.13029000000000004 -0.89586499999999991 0.13641500000000004
decision_type=2 2 2 2 2 2 2 2 2 2 2 2 2 2 2 2 2 2 2 2 2 2 2 2 2 2 2 2 2 2
left_child=1 3 11 4 5 -1 -2 8 9 28 13 12 25 14 15 -11 19 21 -19 26 -21 -18 -13 -24 -6 -3 -15 -12 -8 -30
right_child=6 2 -4 -5 24 -7 7 -9 -10 10 27 22 -14 16 -16 -17 17 18 -20 20 -22 -23 23 -25 -26 -27 -28 -29 29 -31
leaf_value=-0.094030681550502787 0.32961462977386657 0.13722051245470843 0.41554137070973712 -0.09665776066482068 0.80944906666874883 0.4882645907727155 -0.40127014111195297 0.25510430622983865 0.1941070746152829 -0.25453538269256104 -0.40807451553204488 -0.36270188956425109 0.46388228654861452 -0.12703940011560919 0.35324140714632501 0.20288058609673471 0.31161469101905825 0.094512329498926795 -0.34328617538724626 -0.26552399232983592 0.15553837087419298 -0.025885314647203839 0.12912311222818162 -0.27131840269202773 0.438007799834013 -0.2176441566646099 -0.44416174214137227 -0.14266461103390424 0.035718353390693666 -0.30688616720655437
leaf_weight=20 21 24 27 20 20 22 35 27 39 33 34 29 20 20 37 33 30 27 35 25 27 39 27 23 20 20 38 39 20 49
leaf_count=20 21 24 27 20 20 22 35 27 39 33 34 29 20 20 37 33 30 27 35 25 27 39 27 23 20 20 38 39 20 49
internal_value=0 0.139862 0.0362666 0.312521 0.412321 0.210981 -0.0625699 -0.0766004 -0.0925933 -0.114055 -0.0744722 -0.0353447 0.128407 -0.0337687 0.110343 -0.0258274 -0.09536 -0.00858221 -0.152632 -0.198705 -0.0468955 0.120854 -0.168004 -0.05508 0.623728 -0.0240816 -0.334809 -0.26628 -0.272765 -0.207581
internal_weight=0 272 170 102 82 42 608 587 560 521 417 143 64 344 103 66 241 131 62 110 52 69 79 50 40 44 58 73 104 69
internal_count=880 272 170 102 82 42 608 587 560 521 417 143 64 344 103 66 241 131 62 110 52 69 79 50 40 44 58 73 104 69
is_linear=0
shrinkage=0.05


Tree=4
num_leaves=31
num_cat=0
split_feature=11 24 103 17 40 40 49 53 109 109 105 87 88 88 103 17 47 42 53 87 112 103 54 99 25 103 11 56 108 82
split_gain=2780.07 1789.02 1875.03 1724.94 1529.81 1324.88 1252.97 1221.83 1129.05 1341.81 1890.75 1266.26 1149.61 1636.34 870.128 868.189 1215.6 810.348 776.21 1198.03 1072.79 772.963 677.715 646.903 602.709 600.764 566.406 473.924 623.604 587.781
threshold=-1.1157999999999999 -1.6524999999999996 1.9716500000000001 -1.0169499999999998 -0.46028499999999994 -1.5087499999999998 -1.8743499999999997 -0.92808999999999986 -2.4269999999999996 0.16668500000000003 -0.18181999999999995 -0.11511499999999998 -0.94193499999999986 -1.4116999999999997 3.1160000000000001 2.3222000000000005 -6.4637499999999992 -1.9506499999999998 1.8237500000000002 -0.85565999999999987 -1.1930499999999997 -0.9177249999999999 -1.6143999999999996 -1.3473999999999997 0.25922500000000009 0.095604500000000023 2.7125000000000008 -0.53352499999999992 0.52698000000000012 -1.4482999999999999
decision_type=2 2 2 2 2 2 2 2 2 2 2 2 2 2 2 2 2 2 2 2 2 2 2 2 2 2 2 2 2 2
left_child=1 15 3 7 -4 -5 22 -3 25 10 12 -12 13 21 18 16 -1 -7 26 -20 -21 -10 -2 -19 -14 -8 27 28 29 -11
right_child=6 2 4 5 -6 17 8 -9 9 14 11 -13 24 -15 -16 -17 -18 23 19 20 -22 -23 -24 -25 -26 -27 -28 -29 -30 -31
leaf_value=0.37732311367988586 0.015639899087988813 0.64038395467011833 0.19495505809783936 0.36481485906101407 0.79916424073956227 -0.27583279386162757 -0.36632208718607823 0.14446146355734932 -0.23913759212283528 -0.27529614445838063 0.064952566873814385 0.55452874276041986 -0.25722338226106434 0.35924224261984683 0.1752473334471385 -0.22572675472716008 -0.17394787199795247 0.26559640437364579 -0.329204261302948 -0.090304316182931277 0.36937752691182224 0.089021346620038938 0.4136086764931679 -0.11264310006338817 0.057825199365615844 -0.059940932442744579 -0.0063730680942535398 -0.38145556792898 -0.3766130409070424 0.070064284226724088
leaf_weight=20 23 23 20 21 22 32 48 27 34 22 28 25 63 33 21 41 20 20 23 30 22 38 20 26 20 24 25 53 28 28
leaf_count=20 23 23 20 21 22 32 48 27 34 22 28 25 63 33 21 41 20 20 23 30 22 38 20 26 20 24 25 53 28 28
internal_value=0 0.132869 0.216375 0.133201 0.511446 0.0122997 -0.0594414 0.372586 -0.079243 -0.0522317 0.032118 0.295885 -0.0422417 0.0676869 -0.1329 -0.0640406 0.101688 -0.0826082 -0.160913 -0.028727 0.104176 -0.0659426 0.200742 0.0518089 -0.181308 -0.264195 -0.224464 -0.266084 -0.187691 -0.0818943
internal_weight=0 272 191 149 42 99 608 50 565 493 241 53 188 105 252 81 40 78 231 75 52 72 43 46 83 72 156 131 78 50
internal_count=880 272 191 149 42 99 608 50 565 493 241 53 188 105 252 81 40 78 231 75 52 72 43 46 83 72 156 131 78 50
is_linear=0
shrinkage=0.05


Tree=5
num_leaves=31
num_cat=0
split_feature=108 71 50 87 53 40 46 63 65 4 22 88 28 5 76 26 27 55 5 62 23 64 84 62 31 65 33 26 81 87
split_gain=2542.83 2245.05 2849.33 1210.79 1114.5 1293.83 1682.7 1039.64 1026.08 1599.29 1481.57 1235.34 1098.14 1059.43 1033.55 1222.99 1014.49 940.027 935.606 892.185 846.369 811.594 694.141 744.282 639.55 466.341 703.179 398.634 296.745 264.903
threshold=-2.5554499999999996 3.0456500000000006 -1.1214499999999996 2.1763500000000007 -2.0219999999999998 12.959500000000002 0.33871000000000001 -0.23997999999999997 -0.92716999999999994 3.0938500000000002 -2.3667999999999996 -0.91066999999999998 0.28374000000000005 0.98987000000000014 3.9797000000000007 0.97635000000000016 -1.4020999999999997 -0.62096499999999988 0.097525500000000015 -0.29577499999999995 -1.1121999999999999 -0.32730999999999993 -1.0386499999999999 0.44495000000000001 3.8454000000000006 -0.21616499999999997 0.077919500000000017 0.61559500000000011 -1.0904999999999998 -1.9876499999999997
decision_type=2 2 2 2 2 2 2 2 2 2 2 2 2 2 2 2 2 2 2 2 2 2 2 2 2 2 2 2 2 2
left_child=3 4 -3 21 -2 8 -7 -4 11 10 -10 13 -11 19 15 16 24 -17 -16 -6 -19 -1 -22 -24 -12 26 -18 -13 -15 -27
right_child=1 2 7 -5 5 6 -8 -9 9 12 14 27 -14 28 18 17 25 20 -20 -21 22 -23 23 -25 -26 29 -28 -29 -30 -31
leaf_value=-0.055737400648649786 0.21830056471484049 -0.13327188231050968 0.21520356439054011 0.49712317045778037 0.2497597014407317 0.51376591722170517 -0.12706028509885073 0.69885567712783825 0.23947826262676353 0.4624435616036256 -0.21380559980869293 -0.41730554548020549 -0.0023883501688639324 -0.40531223146688372 -0.12965623871846632 0.19374388491406161 0.021424146968385446 0.1361088074191853 0.31742261791229254 -0.11716200547242486 0.054608140953562478 0.3128675365022251 -0.063418792963027965 -0.41854484271672043 0.18605363950133325 -0.20871295789489525 -0.38395197927951813 -0.18330261792455402 -0.14254260591485285 -0.41607090381544032
leaf_weight=32 35 32 20 32 30 21 20 25 33 24 20 52 27 21 22 34 23 27 25 37 22 28 25 36 20 20 20 28 22 67
leaf_count=32 35 32 20 32 30 21 20 25 33 24 20 52 27 21 22 34 23 27 25 37 22 28 25 36 20 20 20 28 22 67
internal_value=0 -0.0290414 0.227413 0.248746 -0.0568149 -0.0710591 0.201168 0.483899 -0.0886359 -0.047105 -0.0812079 -0.185906 0.216356 -0.0771791 -0.110523 -0.143254 -0.234073 -0.036038 0.108152 0.0471313 -0.107062 0.116278 -0.186165 -0.273001 -0.013876 -0.301825 -0.167123 -0.335405 -0.270872 -0.368402
internal_weight=0 788 77 92 711 676 41 45 635 445 394 190 51 110 361 314 170 144 47 67 110 60 83 61 40 130 43 80 43 87
internal_count=880 788 77 92 711 676 41 45 635 445 394 190 51 110 361 314 170 144 47 67 110 60 83 61 40 130 43 80 43 87
is_linear=0
shrinkage=0.05


Tree=6
num_leaves=31
num_cat=0
split_feature=44 87 88 24 59 21 108 77 73 88 60 9 87 71 54 54 43 79 11 50 71 17 1 21 28 18 11 11 7 75
split_gain=2321.49 1663.54 1580.45 1502.58 1487.19 1266.45 1250.07 1138.08 1326.13 1425.17 1315.29 1106.56 979 969.1 1195.96 1439.6 955.063 915.802 863.59 644.403 1049.85 1096.77 577.592 522.756 678.954 765.18 612.559 566.335 500.514 457.165
threshold=-0.80751499999999987 2.3950500000000008 3.5428500000000005 -0.056240499999999992 -2.3817999999999997 -0.37332499999999996 -0.96285499999999991 -1.8471999999999997 -0.063552999999999985 -0.94193499999999986 2.1188500000000006 12.185500000000003 2.5361500000000006 -0.12762499999999996 -0.16973999999999997 1.1159000000000001 -0.35789999999999994 -1.3194499999999998 1.6892500000000001 -1.0208499999999996 2.8481500000000004 -0.79144499999999984 0.78553500000000009 2.7327500000000007 -0.82767499999999983 2.8542000000000001 -0.89750499999999989 1.7227000000000003 -0.737035 0.73566500000000012
decision_type=2 2 2 2 2 2 2 2 2 2 2 2 2 2 2 2 2 2 2 2 2 2 2 2 2 2 2 2 2 2
left_child=1 2 4 6 5 -1 -3 13 9 10 16 12 23 14 -2 -16 -9 -6 -11 29 21 -21 -23 24 -10 26 -26 28 -28 -19
right_child=7 3 -4 -5 17 -7 -8 8 11 18 -12 -13 -14 -15 15 -17 -18 19 -20 20 -22 22 -24 -25 25 -27 27 -29 -30 -31
leaf_value=0.4468404144048691 -0.34769753786148849 0.36564037975142982 0.45915724252838469 0.68049193739891056 0.19339339847366016 -0.036951092133919401 -0.11806495704434135 -0.086810374319553379 -0.36806507252511528 -0.2169610477591816 0.60768634617328654 0.19224582376980015 0.19311967979777944 -0.36744118737429382 0.35252942572469298 -0.20103769156460963 0.37057816407510213 -0.32729017628090729 0.12012984101709567 -0.31183895654976368 0.29552154399454594 -0.12142609661445021 0.2585713155567646 -0.26957376876313771 0.24036183580756187 -0.34614541560411455 -0.31938573878545029 0.11182286461194357 -0.027960253950646698 -0.036846058815717696
leaf_weight=31 27 34 21 20 30 24 22 25 21 38 20 31 22 50 23 24 21 42 38 36 20 20 20 70 20 20 26 30 34 20
leaf_count=31 27 34 21 20 30 24 22 25 21 38 20 31 22 50 23 24 21 42 38 36 20 20 20 70 20 20 26 30 34 20
internal_value=0 0.102346 0.0430051 0.308476 0.00704137 0.235731 0.175613 -0.0644399 -0.0248099 0.0991973 0.269176 -0.0890764 -0.124965 -0.197392 -0.0824941 0.0698569 0.121997 -0.0598626 -0.0484156 -0.107949 -0.0268007 -0.111622 0.0685726 -0.15663 -0.104272 -0.061659 -0.00993414 -0.0655555 -0.154245 -0.233599
internal_weight=0 340 264 76 243 55 56 540 416 142 66 274 243 124 74 47 46 188 76 158 96 76 40 221 151 130 110 90 60 62
internal_count=880 340 264 76 243 55 56 540 416 142 66 274 243 124 74 47 46 188 76 158 96 76 40 221 151 130 110 90 60 62
is_linear=0
shrinkage=0.05


Tree=7
num_leaves=31
num_cat=0
split_feature=108 71 7 53 40 46 59 21 76 77 31 92 71 15 54 52 31 64 98 38 53 52 28 11 23 5 4 70 84 104
split_gain=2107.22 1865.92 2268.5 972.62 1121.69 1456.38 910.904 1564 1272.36 1414.37 1159.9 1353.45 1002.19 919.53 948.112 1172.63 834.845 797.272 1228.18 782.65 1152.05 745.297 677.21 715.994 553.941 512.1 444.008 629.312 440.059 139.692
threshold=-2.5554499999999996 3.0456500000000006 -0.195935 -2.0219999999999998 12.959500000000002 0.33871000000000001 -2.2913999999999999 -0.87893499999999991 -0.70720999999999989 -1.72725 2.6258000000000004 -0.052793499999999986 -0.12762499999999996 3.4081500000000005 2.1947000000000005 -1.5887499999999999 0.61346500000000004 0.16789500000000004 -0.96536999999999995 1.2054000000000002 -0.66558499999999998 0.54581500000000005 -1.3336999999999997 2.4895500000000008 -1.0805499999999999 -0.9359599999999999 -1.2350499999999998 0.42523500000000009 -0.95910499999999999 -1.0579999999999998
decision_type=2 2 2 2 2 2 2 2 2 2 2 2 2 2 2 2 2 2 2 2 2 2 2 2 2 2 2 2 2 2
left_child=17 3 -3 -2 6 -6 7 -5 25 12 13 -12 19 14 15 -11 -4 18 24 20 -10 -9 -17 26 -1 -8 -24 -28 -27 -14
right_child=1 2 16 4 5 -7 8 21 9 10 11 -13 29 -15 -16 22 -18 -19 -20 -21 -22 -23 23 -25 -26 28 27 -29 -30 -31
leaf_value=0.47661441175616348 0.20525062292814256 -0.074815879439985439 0.2399521692842245 0.40271971368789672 0.47922487883340747 -0.11695083692669868 -0.075422883661169768 0.091567406408927021 -0.24981220722198488 0.27532432856767075 -0.064788504838943481 0.49213610254228118 -0.28144407016890394 -0.30436603118633404 0.21824481800580636 0.15258201729683651 0.69680140137672431 0.44338507033434926 -0.17480258110233329 -0.35003006845003082 0.20016757055665507 -0.25677959764642372 -0.33570069745182995 0.10300225236199119 0.1089352840468997 -0.12720822845896085 -0.29657416542371118 0.036160508990287783 -0.35336578846664024 -0.45338716093036863
leaf_weight=20 35 37 20 25 21 20 38 34 25 23 20 24 21 29 39 21 20 29 22 21 33 28 42 22 21 30 27 30 76 27
leaf_count=20 35 37 20 25 21 20 38 34 25 23 20 24 21 29 39 21 20 29 22 21 33 28 42 22 21 30 27 30 76 27
internal_value=0 -0.0264371 0.207362 -0.0517571 -0.0650638 0.188407 -0.0814296 0.0688673 -0.105291 -0.0598048 0.00354168 0.238989 -0.19797 -0.0409204 -0.00346979 -0.0558751 0.468377 0.22644 0.126576 -0.0884862 0.00621077 -0.0657506 -0.10952 -0.155009 0.288291 -0.232904 -0.212345 -0.121451 -0.289359 -0.378162
internal_weight=0 788 77 711 676 41 635 87 548 404 277 44 127 233 204 165 40 92 63 79 58 62 142 121 41 144 99 57 106 48
internal_count=880 788 77 711 676 41 635 87 548 404 277 44 127 233 204 165 40 92 63 79 58 62 142 121 41 144 99 57 106 48
is_linear=0
shrinkage=0.05


Tree=8
num_leaves=31
num_cat=0
split_feature=11 18 103 21 40 3 124 7 94 71 13 17 1 84 30 2 22 85 128 103 28 6 128 103 2 34 33 51 30 104
split_gain=1956.06 1363.03 1515.04 2024.15 1402.97 1237.72 1235.55 1002.45 981.485 1070.71 1039.57 1097.57 1764.33 2564.75 1419.76 1287.91 1132.49 846.79 816.142 792.764 698.085 683.035 650.482 649.107 633.199 468.113 446.353 399.361 423.727 366.936
threshold=-1.1157999999999999 -1.4892999999999998 1.9716500000000001 -1.2737499999999997 -0.46028499999999994 -0.3690449999999999 1.0000000180025095e-35 0.8800300000000002 3.8148500000000003 -3.6563999999999992 0.45267000000000007 -0.12850999999999999 -0.20046499999999998 1.6833500000000001 -1.7916999999999998 0.8754900000000001 -2.4050499999999997 2.3448000000000007 -0.34999999999999992 -0.67813499999999982 -1.2619999999999998 2.2460000000000004 0.25000000000000006 1.5686000000000002 -0.14453499999999997 -0.71184999999999998 -0.96838999999999986 -0.74736999999999998 0.6247950000000001 -0.95387499999999992
decision_type=2 2 2 2 2 2 2 2 2 2 2 2 2 2 2 2 2 2 2 2 2 2 2 2 2 2 2 2 2 2
left_child=1 6 3 -3 -4 21 22 -7 9 -2 17 14 23 15 -12 -14 -16 20 25 -20 -11 -5 -1 27 -19 -18 -21 28 -13 -22
right_child=8 2 4 5 -6 7 -8 -9 -10 10 11 12 13 -15 16 -17 18 24 19 26 29 -23 -24 -25 -26 -27 -28 -29 -30 -31
leaf_value=0.31419801366600125 0.27022510896558349 0.44970468655228618 0.15487952053546905 -0.34007109531334473 0.74002079679852439 0.35363751016557221 -0.26737847214466648 -0.042130642710253602 0.23399745639542055 -0.015149909683636257 -0.41732044490054254 0.070645312964916232 0.62489377990845707 -0.17913753805415972 0.23023565771250892 0.16534053762753806 0.24294790476560593 -0.18365597680888393 -0.37691676584449979 -0.26170743165537713 -0.20742029925448852 0.032223091884092857 -0.066095153404318763 0.14898322579406559 0.18770986149708432 -0.095049034200963528 0.037639634943369665 -0.33339696905265254 -0.22968028560280801 -0.39109076380801322
leaf_weight=22 23 34 20 28 21 32 38 32 29 28 32 23 31 28 29 30 20 22 37 20 57 22 23 21 24 21 33 24 24 52
leaf_count=22 23 34 20 28 21 32 38 32 29 28 32 23 31 28 29 30 20 22 37 20 57 22 23 21 24 21 33 24 24 52
internal_value=0 0.111452 0.185625 0.111116 0.454586 0.0101328 -0.0574484 0.155753 -0.04986 -0.0640774 -0.0779065 -0.0300181 0.0583188 0.217035 -0.113294 0.398884 -0.0524887 -0.175515 -0.115077 -0.199311 -0.237838 -0.176262 0.119826 -0.0952213 0.0101001 0.0698275 -0.0753215 -0.167451 -0.0827124 -0.295043
internal_weight=0 272 189 148 41 114 83 64 608 579 556 373 181 89 192 61 160 183 131 90 137 50 45 92 46 41 53 71 47 109
internal_count=880 272 189 148 41 114 83 64 608 579 556 373 181 89 192 61 160 183 131 90 137 50 45 92 46 41 53 71 47 109
is_linear=0
shrinkage=0.05


Tree=9
num_leaves=31
num_cat=0
split_feature=44 83 70 125 113 74 13 74 16 77 32 32 71 54 54 84 84 68 22 63 68 36 43 84 108 103 11 88 22 34
split_gain=1821.56 1316.18 1749.18 2047.76 1264.64 1076.79 1044.5 1013.37 952.555 883.609 1132.13 1458.79 775.45 1046.38 1135.58 714.559 833.424 704.942 1450.91 1105.23 925.238 905.982 653.77 588.974 541.638 972.939 546.555 531.652 336.188 187.212
threshold=-0.80751499999999987 -1.7177499999999999 0.65086500000000014 1.7500000000000002 1.0000000180025095e-35 0.65214500000000009 -2.2149999999999994 -1.8177999999999999 0.53169500000000014 -1.8471999999999997 4.0664000000000007 6.6213500000000005 -0.007331149999999999 -0.16973999999999997 1.1159000000000001 0.73983500000000013 2.7699000000000003 0.85252000000000006 1.7037000000000002 -0.47154999999999997 -1.1926999999999996 0.46561000000000008 -0.35789999999999994 -0.54368499999999986 -0.11479499999999999 0.22365500000000002 -1.0342499999999999 -0.24541999999999997 -1.8876499999999996 -0.48740499999999992
decision_type=2 2 2 2 2 2 2 2 2 2 2 2 2 2 2 2 2 2 2 2 2 2 2 2 2 2 2 2 2 2
left_child=1 2 3 6 8 7 -1 -3 -5 12 17 -12 13 -2 -15 -4 -17 18 19 20 -11 -22 -19 -21 26 -26 -24 -25 -9 -28
right_child=9 5 15 4 -6 -7 -8 28 -10 10 11 -13 -14 14 -16 16 -18 22 -20 23 21 -23 24 27 25 -27 29 -29 -30 -31
leaf_value=0.20765481794046031 -0.31777344114546269 0.057283335139876927 0.15808090124936666 0.37163453025695609 0.089342181113633248 0.26510682446616041 -0.21818165984004737 -0.14740022477609191 0.76234288995082566 -0.15338928662240506 0.52791954062879087 0.002695127710317954 -0.33156414233283921 0.32038781642913822 -0.16642939689755443 -0.34543020202498886 0.051754008872168404 -0.35084698626707339 0.2836616346710607 -0.34833555080794865 0.018612178042531013 0.4249281724186047 0.05887565584409804 0.091857186607692556 -0.17625331289711454 0.31102834224700926 -0.15881335649858505 -0.26062659651041031 -0.41539637756347658 -0.33516528175936805
leaf_weight=36 28 38 34 39 22 21 24 22 26 32 20 39 48 23 25 25 28 29 38 35 34 23 21 23 21 20 34 20 25 27
leaf_count=36 28 38 34 39 22 21 24 22 26 32 20 39 48 23 25 25 28 29 38 35 34 23 21 23 21 20 34 20 25 27
internal_value=0 0.0906583 0.15687 0.262037 0.417014 -0.0555066 0.0373202 -0.134717 0.527918 -0.0570811 -0.0221617 0.180737 -0.17423 -0.0748615 0.0668372 -0.0208263 -0.135597 -0.055694 0.00480627 -0.0586458 0.061772 0.182564 -0.13729 -0.196046 -0.0869389 0.0614451 -0.161131 -0.0720888 -0.289951 -0.236871
internal_weight=0 340 234 147 87 106 60 85 65 540 416 59 124 76 48 87 53 357 205 167 89 57 152 78 123 41 82 43 47 61
internal_count=880 340 234 147 87 106 60 85 65 540 416 59 124 76 48 87 53 357 205 167 89 57 152 78 123 41 82 43 47 61
is_linear=0
shrinkage=0.05


Tree=10
num_leaves=31
num_cat=0
split_feature=44 83 24 119 101 20 68 99 87 77 76 31 76 92 108 13 59 82 21 3 99 53 128 46 63 7 99 75 76 26
split_gain=1643.95 1194.39 1172.76 1128.7 1126.22 1345.32 1406.76 963.037 813.493 797.457 1068.03 1342.23 1217.06 931.327 810.646 807.743 734.322 715.599 687.431 793.777 666.908 660.473 634.775 509.94 503.245 659.369 497.429 802.476 400.166 294.891
threshold=-0.80751499999999987 -0.49505999999999994 -1.2841999999999998 1.0000000180025095e-35 2.3336000000000006 -0.24870499999999998 -1.3940999999999997 -1.3721499999999998 -1.2233999999999998 -1.8471999999999997 -0.53495999999999999 4.6790000000000012 -0.33595999999999998 0.15797000000000003 0.55441500000000021 1.1300000000000001 0.80643000000000009 -0.077611499999999986 -1.2159999999999997 0.32978000000000007 -0.15604499999999996 -1.3839499999999998 -0.6499999999999998 -1.6541499999999998 1.7191500000000002 0.080884500000000012 -0.40884499999999996 0.299765 -1.4766499999999998 -0.33154999999999996
decision_type=2 2 2 2 2 2 2 2 2 2 2 2 2 2 2 2 2 2 2 2 2 2 2 2 2 2 2 2 2 2
left_child=1 2 3 23 5 6 -4 -7 -5 22 21 12 -12 26 15 -15 -16 -18 -8 -20 -3 -11 -2 -1 29 -26 27 -14 -23 -24
right_child=9 20 4 8 -6 7 18 -9 -10 10 11 -13 13 14 16 -17 17 -19 19 -21 -22 28 24 -25 25 -27 -28 -29 -30 -31
leaf_value=0.013227123373050105 0.022340652662696261 -0.35634104637872605 0.44835809068433169 -0.037980428040027624 -0.15736737161874773 0.65038955499018947 0.23283476885408164 0.21876252260214338 0.40758768621654745 0.09754832541303976 0.33795525107694713 0.32316817939281467 0.16981910020112992 0.36337917049725854 -0.23163512042827078 -0.010026605640138899 0.25640182840824127 -0.10580408359567324 0.091186709233692709 -0.29208898137916223 0.019351054562462701 -0.023406292143322172 -0.48935722737085252 -0.27782649231307649 -0.3150666030970487 0.06389581582819423 -0.38325461477041245 -0.19589378699660301 -0.2731075921041124 -0.2327957056462765
leaf_weight=27 33 21 29 20 20 28 32 24 21 21 23 34 20 30 36 28 25 30 35 22 27 21 21 34 22 24 20 60 68 24
leaf_count=27 33 21 29 20 20 28 32 24 21 21 23 34 20 30 36 28 25 30 35 22 27 21 21 34 22 24 20 60 68 24
internal_value=0 0.0861253 0.124121 -0.0126396 0.19754 0.239293 0.145921 0.451177 0.190237 -0.0542271 -0.0210536 0.0269805 -0.0100429 -0.0421873 0.0370315 0.183114 -0.0560763 0.058835 0.047374 -0.0567443 -0.145014 -0.154676 -0.165519 -0.148999 -0.233644 -0.117347 -0.160223 -0.104466 -0.214189 -0.352524
internal_weight=0 340 292 102 190 170 118 52 41 540 416 306 272 249 149 58 91 55 89 57 48 110 124 61 91 46 100 80 89 45
internal_count=880 340 292 102 190 170 118 52 41 540 416 306 272 249 149 58 91 55 89 57 48 110 124 61 91 46 100 80 89 45
is_linear=0
shrinkage=0.05


Tree=11
num_leaves=31
num_cat=0
split_feature=44 59 87 17 92 90 49 52 93 61 112 63 23 99 86 9 76 76 3 9 3 28 103 92 61 63 23 7 36 99
split_gain=1483.67 1122.47 1810.32 1381.63 1505.73 1164.14 870.357 1498.4 750.007 1034.48 1177.22 776.304 678.756 790.067 631.811 740.67 571.229 790.823 777.028 833.745 566.167 568.165 564.952 559.175 527.771 430.135 414.758 490.03 404.982 398.631
threshold=-0.80751499999999987 -2.3817999999999997 3.6818500000000003 1.1042500000000002 -2.0767999999999995 1.6221500000000002 0.92765500000000012 2.8499000000000003 -1.3342999999999998 -0.34561499999999995 0.37527000000000005 1.7191500000000002 0.54064500000000015 -0.77561499999999983 -2.1623499999999996 12.185500000000003 -0.52271999999999985 -0.23759999999999995 2.3106500000000003 1.7560500000000003 1.3383000000000003 0.044037000000000007 0.99892500000000006 -0.18876999999999997 0.30930000000000007 0.80790000000000017 0.50673000000000012 -0.5614849999999999 -0.92026499999999989 -1.0763999999999998
decision_type=2 2 2 2 2 2 2 2 2 2 2 2 2 2 2 2 2 2 2 2 2 2 2 2 2 2 2 2 2 2
left_child=1 3 5 4 25 6 12 -8 11 10 -10 29 13 -3 -11 16 20 -18 24 -20 21 -16 -13 -14 -19 -1 27 -26 -28 -2
right_child=8 2 -4 -5 -6 -7 7 -9 9 14 -12 22 23 -15 15 -17 17 18 19 -21 -22 -23 -24 -25 26 -27 28 -29 -30 -31
leaf_value=-0.046499312818050392 -0.12931309926968357 -0.31250214659298464 0.41919533793742841 -0.13181379167806537 0.56652833989688334 0.28511186871263716 0.42014205442233526 -0.177830810546875 0.49460158959031109 0.20371074775854747 -0.047896617352962495 -0.14164723186669023 0.18740591108798982 -0.018729596182301241 -0.31320683419704443 0.17155736598276325 0.23348049981438598 0.080747811882584189 0.35120572447776799 -0.1053423745930195 -0.38087110923869272 0.024525970954335098 0.16414255862650665 -0.14051732893746635 -0.26826163607835773 0.28142406448721885 -0.07035468667745591 -0.0012838656793941151 -0.34269316279610923 -0.3833912386706001
leaf_weight=20 26 60 26 21 35 27 22 20 20 24 20 44 26 37 20 31 23 27 20 20 28 33 23 26 25 20 20 55 43 38
leaf_count=20 26 60 26 21 35 27 22 20 20 24 20 44 26 37 20 31 23 27 20 20 28 33 23 26 25 20 20 55 43 38
internal_value=0 0.0818191 0.0248344 0.226655 0.327026 -0.0221995 -0.0656414 0.135393 -0.0515157 -0.0181669 0.223352 -0.155635 -0.122309 -0.200445 -0.0443479 -0.0616042 -0.0846233 -0.0448607 -0.0753457 0.122932 -0.199002 -0.10292 -0.0366746 0.0234443 -0.121999 0.117462 -0.16028 -0.0847144 -0.256237 -0.280172
internal_weight=0 340 244 96 75 218 191 42 540 409 40 131 149 97 369 345 314 233 210 40 81 53 67 52 170 40 143 80 63 64
internal_count=880 340 244 96 75 218 191 42 540 409 40 131 149 97 369 345 314 233 210 40 81 53 67 52 170 40 143 80 63 64
is_linear=0
shrinkage=0.05


Tree=12
num_leaves=31
num_cat=0
split_feature=108 76 125 104 76 65 108 31 31 77 100 76 76 113 52 98 44 64 98 6 10 23 25 14 37 78 60 23 58 1
split_gain=1460.23 1242.98 1755.42 1290.68 1043.21 997.038 1903.72 886.668 863.362 936.236 876.911 859.773 1060.21 1115.81 992.939 840.155 748.255 727.104 921.259 637.136 562.844 414.271 410.98 397.709 477.071 369.999 344.45 338.274 287.877 285.832
threshold=-2.5554499999999996 -1.5514499999999998 2.2500000000000004 -0.76890999999999987 -0.58629999999999993 7.900500000000001 -0.36313499999999993 -0.57723499999999983 3.8454000000000006 -1.2979999999999998 -1.5069999999999999 -0.33595999999999998 3.9562000000000004 1.0000000180025095e-35 -1.2089499999999997 0.15460000000000004 -1.1407999999999998 0.16789500000000004 -0.96536999999999995 0.031069000000000003 -3.0822999999999996 -1.0805499999999999 -2.1346999999999996 0.15586500000000003 -0.82852499999999984 -1.2410499999999998 2.7971500000000007 -0.32077499999999998 -1.3684999999999998 -1.1326999999999998
decision_type=2 2 2 2 2 2 2 2 2 2 2 2 2 2 2 2 2 2 2 2 2 2 2 2 2 2 2 2 2 2
left_child=17 2 15 -4 20 7 -7 11 10 22 -9 -6 13 14 -13 16 -2 18 21 -16 -3 -1 -10 24 -12 -15 -22 -18 -25 -27
right_child=1 4 3 -5 5 6 -8 8 9 -11 23 12 -14 25 19 -17 27 -19 -20 -21 26 -23 -24 28 -26 29 -28 -29 -30 -31
leaf_value=0.39604920446872716 0.067073434899960246 0.039838317320258783 0.11573676530803954 0.62123707999353828 0.32406946962529964 -0.089394095480442054 0.56508082330226894 0.1218017612184797 0.053510315204039219 0.22636093700473961 -0.29076614197166195 0.29684287299369944 0.26817753317455456 -0.052666833089745568 0.099061517582999345 0.18364864913256546 -0.38124887184663253 0.39567741129932732 -0.16788811568509451 -0.19841309547838237 -0.29218946601692081 0.078084126327719008 -0.24325079135596753 -0.12096714645624161 0.024495171728943076 -0.16917451165971303 -0.066847868399186577 -0.097128196805715564 -0.3364083869085796 -0.4270671817389402
leaf_weight=20 35 22 28 23 22 25 20 21 20 33 21 29 30 23 36 38 22 29 22 36 74 21 28 20 28 21 22 20 69 22
leaf_count=20 35 22 28 23 22 25 20 21 20 33 21 29 30 23 36 38 22 29 22 36 74 21 28 20 28 21 22 20 69 22
internal_value=0 -0.0220074 0.0995498 0.343707 -0.0544487 -0.0231168 0.201484 -0.0451365 -0.11152 0.0213469 -0.179207 0.0276126 -0.00549425 -0.0546568 0.0498197 -0.00872887 -0.103668 0.188498 0.0931304 -0.0496758 -0.188273 0.233189 -0.1196 -0.225013 -0.110617 -0.214538 -0.240549 -0.245953 -0.287995 -0.30112
internal_weight=0 788 166 51 622 504 45 459 240 81 159 219 197 167 101 115 77 92 63 72 118 41 48 138 49 66 96 42 89 43
internal_count=880 788 166 51 622 504 45 459 240 81 159 219 197 167 101 115 77 92 63 72 118 41 48 138 49 66 96 42 89 43
is_linear=0
shrinkage=0.05


Tree=13
num_leaves=31
num_cat=0
split_feature=108 87 4 70 49 11 60 0 110 117 34 60 128 117 7 19 101 60 45 87 27 4 62 84 53 36 47 17 68 76
split_gain=1328.86 1152.68 1295.6 904.032 903.769 1346.12 1196.64 608.253 1064.83 923.192 722.492 904.453 918.12 1278.95 993.978 870.125 845.607 738.28 726.991 614.019 596.24 589.525 542.201 522.808 442.43 351.295 489.62 330.234 313.709 290.142
threshold=-3.0471499999999998 2.6927500000000006 -0.5378099999999999 -0.31319999999999998 -1.6585999999999996 -0.91304499999999988 0.25964000000000004 3.4683000000000006 0.8807100000000001 1.0000000180025095e-35 14.507500000000002 -1.3722999999999999 0.65000000000000002 1.0000000180025095e-35 2.8932500000000005 -0.82685999999999993 -0.90072999999999992 -0.64432499999999993 1.4877000000000002 -0.60885499999999981 1.2935500000000002 0.23393000000000005 1.7914500000000002 -0.97670999999999986 0.26967500000000005 -0.25639999999999991 0.51529500000000017 -0.79144499999999984 0.99842000000000009 -0.33595999999999998
decision_type=2 2 2 2 2 2 2 2 2 2 2 2 2 2 2 2 2 2 2 2 2 2 2 2 2 2 2 2 2 2
left_child=-1 4 -3 -4 5 -2 -7 10 9 -9 11 18 13 14 15 17 -17 -13 27 21 29 28 24 -14 -19 26 -25 -6 -15 -21
right_child=1 2 3 -5 7 6 -8 8 -10 -11 -12 12 23 19 -16 16 -18 22 -20 20 -22 -23 -24 25 -26 -27 -28 -29 -30 -31
leaf_value=0.36694427157441778 0.37676666062325243 -0.09228297027034893 0.43387071910576946 0.053243686946538783 -0.20476159874735209 -0.27308152709846145 0.16725874774985844 -0.25412835891430197 0.37380475664341994 0.15618120452453352 0.17810195458919875 0.23415867669714824 0.048294231593608856 -0.00220880718142898 -0.22913377928733825 0.10151100117140091 0.52809726340430119 -0.2803408207801672 0.004582610870547006 -0.15049115589686804 -0.027327360312143962 0.19554167942184469 0.11782314334366772 -0.29575184739771343 -0.0026606910862028601 -0.32642162181437018 0.049922136813402178 -0.43949611033162761 -0.26347623765468597 -0.38101125176136313
leaf_weight=24 32 36 39 26 29 27 36 26 22 29 28 36 20 27 25 26 21 26 23 21 30 23 37 21 32 48 20 31 20 39
leaf_count=24 32 36 39 26 29 27 36 26 22 29 28 36 20 27 25 26 21 26 23 21 30 23 37 21 32 48 20 31 20 39
internal_value=0 -0.0102882 0.148348 0.28162 -0.0315096 0.11268 -0.0214585 -0.0522643 0.0798133 -0.0377833 -0.0697085 -0.0822106 -0.0554446 -0.0172318 0.0660894 0.107553 0.292113 0.0413371 -0.234422 -0.122945 -0.209329 -0.0118815 -0.0317321 -0.182704 -0.127138 -0.234613 -0.12713 -0.326041 -0.113386 -0.300329
internal_weight=0 856 101 65 755 95 63 660 77 55 583 555 472 363 203 178 47 131 83 160 90 70 95 109 58 89 41 60 47 60
internal_count=880 856 101 65 755 95 63 660 77 55 583 555 472 363 203 178 47 131 83 160 90 70 95 109 58 89 41 60 47 60
is_linear=0
shrinkage=0.05


Tree=14
num_leaves=31
num_cat=0
split_feature=108 87 4 49 11 60 51 86 54 15 78 5 20 20 49 13 77 23 4 60 78 86 94 81 28 37 81 49 5 87
split_gain=1205.06 1154.07 1081.21 819.56 1214.87 1079.97 817.445 916.935 575.672 872.975 1011.74 2345.36 1161.79 1123.54 1103.02 1404.29 875.823 816.525 781.962 719.754 696.405 521.332 507.784 485.492 433.125 429.18 397.547 378.065 294.591 306.377
threshold=-3.1207999999999996 2.6927500000000006 -0.5378099999999999 -1.6585999999999996 -0.91304499999999988 0.25964000000000004 -1.3381499999999997 -1.3002999999999998 -0.83228499999999983 2.1531500000000006 -0.85940499999999986 0.35963000000000006 1.0000000180025095e-35 0.79769000000000012 0.81474500000000016 -0.42627999999999994 -1.9816999999999998 0.54064500000000015 -1.5822999999999998 1.9881500000000003 1.4248500000000002 2.6057000000000001 -0.60903499999999988 -0.85638999999999987 -0.6499649999999999 0.73536000000000012 -1.4012999999999998 -1.0487499999999998 1.0925000000000002 0.12957000000000005
decision_type=2 2 2 2 2 2 2 2 2 2 2 2 2 2 2 2 2 2 2 2 2 2 2 2 2 2 2 2 2 2
left_child=-1 3 -3 4 -2 -6 -4 -8 17 10 11 16 -13 14 22 -16 -10 18 -5 25 27 24 -12 -24 -11 -15 -20 -19 29 -26
right_child=1 2 6 8 5 -7 7 -9 9 21 13 12 -14 19 15 -17 -18 20 26 -21 -22 -23 23 -25 28 -27 -28 -29 -30 -31
leaf_value=0.38367801472544671 0.35792832523584367 -0.068258499817268267 0.036613838126262031 0.055344685976919918 -0.25942745451573973 0.15889581011401283 0.17966124957258053 0.64743679344654081 -0.21630103673253742 -0.32922499222414836 -0.2865664768218994 0.13898170000873508 0.65025694273412238 -0.13213814776390792 0.53250614011829556 0.019831947281080134 0.12822942267625759 0.030434171211284895 -0.094973012804985046 0.093560196161270148 0.26065316617488865 0.047159948386251926 -0.14091749057687561 0.1459804997841517 -0.17017394483089449 -0.37188699002776832 -0.33122507987031041 -0.25638307645916941 -0.25368850645811664 0.10326826813675108
leaf_weight=20 32 37 24 23 27 36 22 20 35 35 20 20 25 40 22 34 39 27 24 20 20 31 29 30 20 35 69 20 23 21
leaf_count=20 32 37 24 23 27 36 22 20 35 35 20 20 25 40 22 34 39 27 24 20 20 31 29 30 20 35 69 20 23 21
internal_value=0 -0.00892275 0.148101 -0.030288 0.107046 -0.0203856 0.269394 0.402412 -0.0499961 -0.0211766 0.0200201 0.138374 0.423024 -0.0412151 0.0514881 0.22124 -0.0347242 -0.125431 -0.205698 -0.172951 0.0135392 -0.131774 -0.068842 0.00496284 -0.187804 -0.244021 -0.270257 -0.0916157 -0.110464 -0.0301182
internal_weight=0 860 103 757 95 63 66 42 662 479 349 119 45 230 135 56 74 183 116 95 67 130 79 59 99 75 93 47 64 41
internal_count=880 860 103 757 95 63 66 42 662 479 349 119 45 230 135 56 74 183 116 95 67 130 79 59 99 75 93 47 64 41
is_linear=0
shrinkage=0.05


Tree=15
num_leaves=31
num_cat=0
split_feature=71 56 77 77 126 71 4 30 4 5 117 46 126 9 103 56 98 46 64 4 64 49 92 85 13 35 84 110 32 43
split_gain=1218.31 1306.99 1041.4 1018.82 1010.64 892.865 1007.81 1580.76 961.793 1150.28 2302.08 1326.15 845.68 853.623 779.238 734.751 710.666 612.299 538.174 520.808 504.292 496.812 835.832 455.171 447.606 438.278 433.66 303.736 290.515 220.006
threshold=3.0456500000000006 -1.4740999999999997 -7.2008499999999991 -4.1976499999999985 0.70000000000000007 2.3188500000000003 -1.8695999999999999 -0.98919999999999997 -0.92033999999999982 -0.16138999999999998 1.0000000180025095e-35 2.0173500000000004 1.1000000000000003 -0.63323499999999988 -0.051206499999999995 -0.89522499999999994 -0.44228499999999998 0.34809000000000007 1.1719000000000002 -0.013499849999999999 -0.35674499999999992 0.7597750000000002 -0.45548999999999995 -0.037978499999999991 0.67157500000000014 0.069574500000000025 2.9400000000000008 -0.73818499999999987 0.32093500000000003 1.2006500000000002
decision_type=2 2 2 2 2 2 2 2 2 2 2 2 2 2 2 2 2 2 2 2 2 2 2 2 2 2 2 2 2 2
left_child=2 -2 15 -4 20 6 7 -5 26 10 11 14 13 18 -10 -1 -17 -14 -11 -12 -3 25 -23 -9 -7 -15 27 -8 29 -29
right_child=1 4 3 5 -6 24 8 23 9 12 19 -13 17 21 -16 16 -18 -19 -20 -21 -22 22 -24 -25 -26 -27 -28 28 -30 -31
leaf_value=0.39904245727441534 -0.1416730534285307 0.26580646996912749 -0.29062608096160386 0.54182630985975266 0.012499921430240979 -0.38789177387952806 -0.077507341729524809 -0.12373426225450304 0.30137990736961368 -0.084915120937885391 -0.20184486626814577 0.013797947493466465 -0.0036637509354587763 -0.28992441378227651 0.72010241508483885 0.20389674834229729 -0.16297626495361328 0.34694090247154241 0.18128300764270733 0.09418876636773349 0.60470039872896109 -0.28341812825140855 0.091608342795799935 0.15502309687435628 -0.067616249173879636 -0.025738388299942017 0.040157696068286897 -0.3909224777510672 -0.087969312705099584 -0.18076095074415208
leaf_weight=22 24 23 38 20 22 24 39 27 25 39 39 22 33 73 20 33 22 20 37 24 21 24 39 32 20 20 25 33 20 20
leaf_count=22 24 23 38 20 22 24 39 27 25 39 39 22 33 73 20 33 22 20 37 24 21 24 39 32 20 20 25 33 20 20
internal_value=0 0.174301 -0.0198571 -0.0387225 0.289201 -0.0245413 -0.009356 0.157676 -0.033261 0.0046598 0.127913 0.331942 -0.0515609 -0.0927275 0.487479 0.154832 0.0571475 0.12864 0.0446813 -0.0890701 0.427551 -0.15967 -0.0512589 0.0274562 -0.242312 -0.23311 -0.148131 -0.190159 -0.250343 -0.311616
internal_weight=0 90 790 713 66 675 631 79 552 415 130 67 285 232 45 77 55 53 76 63 44 156 63 59 44 93 137 112 73 53
internal_count=880 90 790 713 66 675 631 79 552 415 130 67 285 232 45 77 55 53 76 63 44 156 63 59 44 93 137 112 73 53
is_linear=0
shrinkage=0.05


Tree=16
num_leaves=31
num_cat=0
split_feature=129 108 100 5 11 100 21 126 6 53 0 6 92 0 0 35 127 82 66 103 17 108 12 81 12 42 39 74 52 86
split_gain=1084.48 953.819 774.179 732.897 627.859 1119.16 1069.08 917.762 819.261 768.406 722.881 1268.99 746.656 711.602 780.726 974.252 789.055 619.867 770.371 728.855 531.419 728.168 568.375 440.027 383.737 364.074 344.081 310.732 220.498 240.385
threshold=0.70000000000000007 -3.0471499999999998 -0.47313499999999992 3.9671000000000007 -1.0958499999999998 -1.5459499999999997 -0.84722999999999993 0.3000000000000001 0.18343000000000001 -0.091522499999999993 -2.0099999999999993 0.59317000000000009 5.2109000000000014 -0.88195999999999997 0.41671000000000008 0.17324000000000003 0.22500000000000001 0.9029600000000001 -0.86486499999999988 -0.48376999999999998 -0.019503999999999997 -0.56492499999999979 0.72961500000000012 0.94929000000000008 0.36060000000000009 -0.74297499999999983 -0.31161999999999995 0.55906500000000003 -1.2186499999999998 -1.8117499999999997
decision_type=2 2 2 2 2 2 2 2 2 2 2 2 2 2 2 2 2 2 2 2 2 2 2 2 2 2 2 2 2 2
left_child=2 -2 -1 4 5 -3 7 -7 9 -8 11 -6 13 23 15 17 -17 18 19 -15 24 -22 -23 28 25 -16 -25 -10 -12 -30
right_child=1 3 -4 -5 10 6 8 -9 27 -11 12 -13 -14 14 20 16 -18 -19 -20 -21 21 22 -24 26 -26 -27 -28 -29 29 -31
leaf_value=0.4240382085889578 0.30432663663573889 0.34107732905281918 0.017353039844469589 0.20160269141197207 -0.086142183984479592 0.32740291841328145 -0.14077486991882324 -0.029622186606542936 -0.35421353924274446 0.23644851335772762 -0.10991948453540153 0.4172547492242995 0.13762621001617328 -0.21362055667809079 -0.2518313740406718 0.012665000036358835 0.45148943946475079 0.14669047964030299 -0.32214148928721748 0.18594675141572953 -0.20724279502112616 0.20784722712229597 -0.124902554530473 0.094722285866737366 -0.36804753056278938 -0.012267243348318956 -0.18884480219820274 -0.12839947014282913 -0.14149481326341629 -0.34391703659837902
leaf_weight=25 23 27 22 35 31 36 27 36 25 27 22 21 37 21 35 20 21 29 30 25 38 33 21 20 27 29 23 39 20 55
leaf_count=25 23 27 22 35 31 36 27 36 25 27 22 21 37 21 35 20 21 29 30 25 38 33 21 20 27 29 23 39 20 55
internal_value=0 -0.0131845 0.233675 -0.0222003 -0.0323075 0.0398593 -0.00294538 0.14889 -0.0955909 0.0478368 -0.0603724 0.117153 -0.0786161 -0.0956757 -0.0554996 0.0307328 0.237429 -0.049977 -0.125021 0.00353559 -0.124297 -0.0395568 0.0784445 -0.19009 -0.209968 -0.143279 -0.0569531 -0.216608 -0.249109 -0.289938
internal_weight=0 833 47 810 775 217 190 72 118 54 558 52 506 469 329 146 41 105 76 46 183 92 54 140 91 64 43 64 97 75
internal_count=880 833 47 810 775 217 190 72 118 54 558 52 506 469 329 146 41 105 76 46 183 92 54 140 91 64 43 64 97 75
is_linear=0
shrinkage=0.05


Tree=17
num_leaves=31
num_cat=0
split_feature=76 19 54 0 76 60 4 70 53 128 76 6 34 126 17 93 8 58 17 25 36 34 58 76 110 22 128 88 63 51
split_gain=1003.9 1105.18 1077.55 1361.32 977.728 918.143 911.936 875.617 866.487 795.405 943.607 967.561 1039.94 1281.62 675.926 607.495 750.325 587.297 579.216 578.661 547.463 871.049 1088.88 530.333 297.654 366.985 265.341 232.068 217.339 234.167
threshold=-1.5514499999999998 1.0000000180025095e-35 -1.4749499999999998 -0.18087499999999998 -0.60568999999999995 -0.78415499999999994 4.2903000000000011 -1.42275 -1.6149999999999998 0.45000000000000007 -0.33595999999999998 0.46445500000000006 1.4237000000000002 0.50000000000000011 -1.4432499999999997 -1.8755499999999998 0.32195000000000001 0.23294000000000004 -0.72923499999999986 -0.087597999999999995 -1.5427999999999997 -0.23666499999999999 0.21374000000000001 2.5607000000000006 0.66670000000000018 -0.059222999999999991 -0.44999999999999996 -1.9828999999999997 1.7700000000000002 -0.31139999999999995
decision_type=2 2 2 2 2 2 2 2 2 2 2 2 2 2 2 2 2 2 2 2 2 2 2 2 2 2 2 2 2 2
left_child=1 2 8 -4 14 7 9 -5 -1 10 -6 12 13 15 -2 -12 -17 28 -15 -19 -13 27 -23 -8 25 -21 -16 -22 29 -11
right_child=4 -3 3 5 6 -7 23 -9 -10 17 11 20 -14 18 26 16 -18 19 -20 24 21 22 -24 -25 -26 -27 -28 -29 -30 -31
leaf_value=0.13683526927516573 0.059790767543017868 0.35930823762627212 0.45714711707371936 -0.030921887216113865 0.29323280401527885 -0.15974218215172489 0.047542409002780922 0.43134675770998004 -0.261533055244348 -0.39419985957767656 0.040057085241590233 0.12473711743950844 -0.14693777075944803 -0.25705340057611464 -0.067524873939427466 0.5617303004264832 0.20308408396584646 0.2102337381243706 0.083947975798086688 -0.16778080463409425 -0.1321880527164625 0.26306623156027248 -0.17680908857899555 0.4116621686518192 -0.22577761014302575 0.087893172411713752 -0.26561436150988488 -0.32895450232074014 -0.086714831988016772 -0.17093910183757544
leaf_weight=21 28 34 26 21 30 33 20 20 39 23 21 24 39 20 22 25 35 20 33 25 23 24 34 20 27 32 73 43 21 24
leaf_count=21 28 34 26 21 30 33 20 20 39 23 21 24 39 20 22 25 35 20 33 25 23 24 34 20 27 32 73 43 21 24
internal_value=0 0.100423 0.0454104 0.145919 -0.0283996 0.0365687 -0.00049891 0.194575 -0.122104 -0.0180975 0.0250667 4.4982e-06 0.080295 0.14643 -0.156108 0.271511 0.35252 -0.106183 -0.0447318 -0.0314736 -0.0938486 -0.136156 0.00520829 0.229602 -0.089023 -0.0242445 -0.219741 -0.260384 -0.220443 -0.280194
internal_weight=0 194 160 100 686 74 563 41 60 523 351 321 173 134 123 81 60 172 53 104 148 124 58 40 84 57 95 66 68 47
internal_count=880 194 160 100 686 74 563 41 60 523 351 321 173 134 123 81 60 172 53 104 148 124 58 40 84 57 95 66 68 47
is_linear=0
shrinkage=0.05


end of trees

feature_importances:
top_10%_loss_kurtosis=19
all_loss_kurtosis=17
top_30%_correlation_stddev_best_ratio=15
top_20%_correlation_stddev_best_ratio=14
top_30%_loss_kurtosis=13
all_correlation_percentile5_percentile25_ratio=12
recent_10_correlation_best_percentile25_ratio=12
recent_25_correlation_percentile5_percentile25_ratio=11
top_10%_correlation_stddev_best_ratio=11
top_20%_correlation_kurtosis=11
all_correlation_skew=10
recent_10_correlation_percentile5_percentile25_ratio=10
recent_25_correlation_skew=10
recent_25_loss_kurtosis=10
recent_15%_correlation_stddev_median_ratio=9
recent_25_correlation_best_percentile25_ratio=9
top_20%_loss_kurtosis=9
top_20%_loss_skew=9
all_loss_best_percentile50_ratio=8
recent_10_loss_best_percentile25_ratio=8
recent_10_loss_kurtosis=8
top_10%_loss_percentile5_percentile25_ratio=8
top_20%_correlation_stddev_median_ratio=8
recent_10_correlation_stddev_best_ratio=7
recent_15%_loss_kurtosis=7
top_30%_loss_percentile5_percentile25_ratio=7
secondaryCutoff=7
all_correlation_stddev_best_ratio=6
all_correlation_stddev_median_ratio=6
all_loss_skew=6
recent_10_correlation_skew=6
recent_10_correlation_stddev_median_ratio=6
recent_10_loss_stddev_best_ratio=6
recent_25_loss_stddev_best_ratio=6
top_30%_correlation_best_percentile75_ratio=6
all_correlation_best_percentile25_ratio=5
recent_15%_correlation_best_percentile50_ratio=5
recent_15%_correlation_kurtosis=5
recent_15%_loss_skew=5
recent_25_correlation_kurtosis=5
recent_25_loss_stddev_median_ratio=5
top_20%_correlation_best_percentile25_ratio=5
top_20%_correlation_skew=5
top_30%_correlation_best_percentile50_ratio=5
all_correlation_kurtosis=4
recent_10_correlation_best_percentile50_ratio=4
recent_15%_loss_best_percentile50_ratio=4
recent_25_correlation_best_percentile50_ratio=4
recent_25_loss_best_percentile75_ratio=4
top_10%_correlation_kurtosis=4
top_10%_correlation_skew=4
top_10%_loss_best_percentile50_ratio=4
top_30%_correlation_kurtosis=4
secondaryTopLockingPercentile=4
secondaryCorrelationMultiplier=4
all_correlation_best_percentile50_ratio=3
all_correlation_best_percentile75_ratio=3
all_loss_percentile5_percentile25_ratio=3
all_loss_stddev_best_ratio=3
recent_10_correlation_kurtosis=3
recent_10_loss_best_percentile50_ratio=3
recent_10_loss_skew=3
recent_10_loss_stddev_median_ratio=3
recent_15%_correlation_stddev_best_ratio=3
recent_15%_loss_best_percentile75_ratio=3
recent_25_correlation_best_percentile75_ratio=3
recent_25_correlation_stddev_median_ratio=3
recent_25_loss_best_percentile50_ratio=3
recent_25_loss_percentile5_percentile25_ratio=3
recent_25_loss_skew=3
top_10%_correlation_best_percentile25_ratio=3
top_10%_loss_best_percentile75_ratio=3
top_10%_loss_skew=3
top_20%_correlation_best_percentile50_ratio=3
top_30%_correlation_percentile5_percentile25_ratio=3
top_30%_correlation_stddev_median_ratio=3
top_30%_loss_skew=3
secondaryProbabilityMode_correlation=3
all_loss_best_percentile25_ratio=2
all_loss_stddev_median_ratio=2
recent_10_correlation_best_percentile75_ratio=2
recent_10_loss_best_percentile75_ratio=2
recent_15%_correlation_best_percentile25_ratio=2
recent_15%_correlation_best_percentile75_ratio=2
recent_15%_correlation_percentile5_percentile25_ratio=2
recent_15%_correlation_skew=2
recent_15%_loss_percentile5_percentile25_ratio=2
recent_15%_loss_stddev_best_ratio=2
top_10%_loss_best_percentile25_ratio=2
top_10%_loss_stddev_best_ratio=2
top_20%_correlation_best_percentile75_ratio=2
top_20%_correlation_percentile5_percentile25_ratio=2
top_20%_loss_best_percentile50_ratio=2
top_20%_loss_percentile5_percentile25_ratio=2
top_30%_loss_best_percentile25_ratio=2
top_30%_loss_best_percentile75_ratio=2
top_30%_loss_stddev_median_ratio=2
resultFilteringMode_age=2
secondaryCorrelationExponent=2
secondaryFixedProbability=2
gamma=2
all_loss_best_percentile75_ratio=1
log10_cardinality=1
recent_25_correlation_stddev_best_ratio=1
recent_25_loss_best_percentile25_ratio=1
top_10%_correlation_best_percentile50_ratio=1
top_10%_correlation_percentile5_percentile25_ratio=1
top_30%_correlation_skew=1
top_30%_loss_stddev_best_ratio=1
secondaryLockingMode_random=1

parameters:
[boosting: gbdt]
[objective: regression]
[metric: l2]
[tree_learner: serial]
[device_type: cpu]
[data_sample_strategy: bagging]
[data: ]
[valid: ]
[num_iterations: 100]
[learning_rate: 0.05]
[num_leaves: 31]
[num_threads: 0]
[seed: 0]
[deterministic: 0]
[force_col_wise: 0]
[force_row_wise: 0]
[histogram_pool_size: -1]
[max_depth: -1]
[min_data_in_leaf: 20]
[min_sum_hessian_in_leaf: 0.001]
[bagging_fraction: 1]
[pos_bagging_fraction: 1]
[neg_bagging_fraction: 1]
[bagging_freq: 0]
[bagging_seed: 3]
[feature_fraction: 0.85]
[feature_fraction_bynode: 1]
[feature_fraction_seed: 2]
[extra_trees: 0]
[extra_seed: 6]
[early_stopping_round: 5]
[early_stopping_min_delta: 0]
[first_metric_only: 0]
[max_delta_step: 0]
[lambda_l1: 0]
[lambda_l2: 0]
[linear_lambda: 0]
[min_gain_to_split: 0]
[drop_rate: 0.1]
[max_drop: 50]
[skip_drop: 0.5]
[xgboost_dart_mode: 0]
[uniform_drop: 0]
[drop_seed: 4]
[top_rate: 0.2]
[other_rate: 0.1]
[min_data_per_group: 100]
[max_cat_threshold: 32]
[cat_l2: 10]
[cat_smooth: 10]
[max_cat_to_onehot: 4]
[top_k: 20]
[monotone_constraints: ]
[monotone_constraints_method: basic]
[monotone_penalty: 0]
[feature_contri: ]
[forcedsplits_filename: ]
[refit_decay_rate: 0.9]
[cegb_tradeoff: 1]
[cegb_penalty_split: 0]
[cegb_penalty_feature_lazy: ]
[cegb_penalty_feature_coupled: ]
[path_smooth: 0]
[interaction_constraints: ]
[verbosity: -1]
[saved_feature_importance_type: 0]
[use_quantized_grad: 0]
[num_grad_quant_bins: 4]
[quant_train_renew_leaf: 0]
[stochastic_rounding: 1]
[linear_tree: 0]
[max_bin: 255]
[max_bin_by_feature: ]
[min_data_in_bin: 3]
[bin_construct_sample_cnt: 200000]
[data_random_seed: 1]
[is_enable_sparse: 1]
[enable_bundle: 1]
[use_missing: 1]
[zero_as_missing: 0]
[feature_pre_filter: 1]
[pre_partition: 0]
[two_round: 0]
[header: 0]
[label_column: ]
[weight_column: ]
[group_column: ]
[ignore_column: ]
[categorical_feature: ]
[forcedbins_filename: ]
[precise_float_parser: 0]
[parser_config_file: ]
[objective_seed: 5]
[num_class: 1]
[is_unbalance: 0]
[scale_pos_weight: 1]
[sigmoid: 1]
[boost_from_average: 1]
[reg_sqrt: 0]
[alpha: 0.9]
[fair_c: 1]
[poisson_max_delta_step: 0.7]
[tweedie_variance_power: 1.5]
[lambdarank_truncation_level: 30]
[lambdarank_norm: 1]
[label_gain: ]
[lambdarank_position_bias_regularization: 0]
[eval_at: ]
[multi_error_top_k: 1]
[auc_mu_weights: ]
[num_machines: 1]
[local_listen_port: 12400]
[time_out: 120]
[machine_list_filename: ]
[machines: ]
[gpu_platform_id: -1]
[gpu_device_id: -1]
[gpu_use_dp: 0]
[num_gpu: 1]

end of parameters

pandas_categorical:null
