tree
version=v4
num_class=1
num_tree_per_iteration=1
label_index=0
max_feature_idx=128
objective=regression
feature_names=all_correlation_best_percentile25_ratio all_correlation_best_percentile50_ratio all_correlation_best_percentile75_ratio all_correlation_kurtosis all_correlation_percentile5_percentile25_ratio all_correlation_skew all_correlation_stddev_best_ratio all_correlation_stddev_median_ratio all_loss_best_percentile25_ratio all_loss_best_percentile50_ratio all_loss_best_percentile75_ratio all_loss_kurtosis all_loss_percentile5_percentile25_ratio all_loss_skew all_loss_stddev_best_ratio all_loss_stddev_median_ratio log10_cardinality recent_10_correlation_best_percentile25_ratio recent_10_correlation_best_percentile50_ratio recent_10_correlation_best_percentile75_ratio recent_10_correlation_kurtosis recent_10_correlation_percentile5_percentile25_ratio recent_10_correlation_skew recent_10_correlation_stddev_best_ratio recent_10_correlation_stddev_median_ratio recent_10_loss_best_percentile25_ratio recent_10_loss_best_percentile50_ratio recent_10_loss_best_percentile75_ratio recent_10_loss_kurtosis recent_10_loss_percentile5_percentile25_ratio recent_10_loss_skew recent_10_loss_stddev_best_ratio recent_10_loss_stddev_median_ratio recent_15%_correlation_best_percentile25_ratio recent_15%_correlation_best_percentile50_ratio recent_15%_correlation_best_percentile75_ratio recent_15%_correlation_kurtosis recent_15%_correlation_percentile5_percentile25_ratio recent_15%_correlation_skew recent_15%_correlation_stddev_best_ratio recent_15%_correlation_stddev_median_ratio recent_15%_loss_best_percentile25_ratio recent_15%_loss_best_percentile50_ratio recent_15%_loss_best_percentile75_ratio recent_15%_loss_kurtosis recent_15%_loss_percentile5_percentile25_ratio recent_15%_loss_skew recent_15%_loss_stddev_best_ratio recent_15%_loss_stddev_median_ratio recent_25_correlation_best_percentile25_ratio recent_25_correlation_best_percentile50_ratio recent_25_correlation_best_percentile75_ratio recent_25_correlation_kurtosis recent_25_correlation_percentile5_percentile25_ratio recent_25_correlation_skew recent_25_correlation_stddev_best_ratio recent_25_correlation_stddev_median_ratio recent_25_loss_best_percentile25_ratio recent_25_loss_best_percentile50_ratio recent_25_loss_best_percentile75_ratio recent_25_loss_kurtosis recent_25_loss_percentile5_percentile25_ratio recent_25_loss_skew recent_25_loss_stddev_best_ratio recent_25_loss_stddev_median_ratio top_10%_correlation_best_percentile25_ratio top_10%_correlation_best_percentile50_ratio top_10%_correlation_best_percentile75_ratio top_10%_correlation_kurtosis top_10%_correlation_percentile5_percentile25_ratio top_10%_correlation_skew top_10%_correlation_stddev_best_ratio top_10%_correlation_stddev_median_ratio top_10%_loss_best_percentile25_ratio top_10%_loss_best_percentile50_ratio top_10%_loss_best_percentile75_ratio top_10%_loss_kurtosis top_10%_loss_percentile5_percentile25_ratio top_10%_loss_skew top_10%_loss_stddev_best_ratio top_10%_loss_stddev_median_ratio top_20%_correlation_best_percentile25_ratio top_20%_correlation_best_percentile50_ratio top_20%_correlation_best_percentile75_ratio top_20%_correlation_kurtosis top_20%_correlation_percentile5_percentile25_ratio top_20%_correlation_skew top_20%_correlation_stddev_best_ratio top_20%_correlation_stddev_median_ratio top_20%_loss_best_percentile25_ratio top_20%_loss_best_percentile50_ratio top_20%_loss_best_percentile75_ratio top_20%_loss_kurtosis top_20%_loss_percentile5_percentile25_ratio top_20%_loss_skew top_20%_loss_stddev_best_ratio top_20%_loss_stddev_median_ratio top_30%_correlation_best_percentile25_ratio top_30%_correlation_best_percentile50_ratio top_30%_correlation_best_percentile75_ratio top_30%_correlation_kurtosis top_30%_correlation_percentile5_percentile25_ratio top_30%_correlation_skew top_30%_correlation_stddev_best_ratio top_30%_correlation_stddev_median_ratio top_30%_loss_best_percentile25_ratio top_30%_loss_best_percentile50_ratio top_30%_loss_best_percentile75_ratio top_30%_loss_kurtosis top_30%_loss_percentile5_percentile25_ratio top_30%_loss_skew top_30%_loss_stddev_best_ratio top_30%_loss_stddev_median_ratio resultFilteringMode_age resultFilteringMode_loss_rank resultFilteringMode_none resultFilteringMode_random secondaryProbabilityMode_correlation secondaryProbabilityMode_fixed secondaryLockingMode_random secondaryLockingMode_top resultFilteringAgeMultiplier resultFilteringLossRankMultiplier resultFilteringRandomProbability secondaryTopLockingPercentile secondaryCorrelationExponent secondaryCorrelationMultiplier secondaryFixedProbability secondaryCutoff
feature_infos=[-2.7585000000000002:12.096] [-3.1349:22.742999999999999] [-4.2889999999999997:348.13999999999999] [-3.0638000000000001:16.376000000000001] [-2.8199999999999998:16.007999999999999] [-10.465999999999999:6.9572000000000003] [-10.196:5.5462999999999996] [-4.9671000000000003:26.239000000000001] [-5126:1120.8] [-567.79999999999995:2690.0999999999999] [-506.04000000000002:810.32000000000005] [-2.5886999999999998:18.346] [-5325:824.69000000000005] [-8.2829999999999995:9.0170999999999992] [-473.61000000000001:110.67] [-4837:490.19999999999999] [-3.4767999999999999:4.4359000000000002] [-4.3643999999999998:255.68000000000001] [-2.6444000000000001:150.03] [-2.2385999999999999:239.21000000000001] [-2.4207000000000001:22.759] [-5.1281999999999996:170.59] [-7.5959000000000003:8.7441999999999993] [-6.4291:5.5557999999999996] [-2.5219:170.97] [-1177.5999999999999:1840.5] [-19887:559.12] [-280.63999999999999:248.15000000000001] [-1.9136:2.1812999999999998] [-1219:1338.5999999999999] [-5.7264999999999997:1.9712000000000001] [-1515.0999999999999:211.83000000000001] [-315:9796.6000000000004] [-4.9798:756.27999999999997] [-2.8128000000000002:170.72999999999999] [-2.4746999999999999:215.09] [-2.7593999999999999:19.036999999999999] [-5.7945000000000002:454.60000000000002] [-7.1641000000000004:8.4036000000000008] [-9.2312999999999992:6.9210000000000003] [-2.6337999999999999:169.08000000000001] [-301.29000000000002:1082.5999999999999] [-1054.3:2389.9000000000001] [-622.17999999999995:485.41000000000003] [-1.4893000000000001:16.936] [-262.89999999999998:1157.9000000000001] [-3.9784000000000002:7.1360000000000001] [-1134.0999999999999:206.11000000000001] [-2725.0999999999999:6617.6000000000004] [-5.3132000000000001:182.53999999999999] [-3.2658999999999998:641.96000000000004] [-2.3534000000000002:1293] [-2.7898999999999998:20.292000000000002] [-6.4752999999999998:145.03999999999999] [-8.1113:8.3633000000000006] [-7.6295999999999999:5.8018000000000001] [-2.9634999999999998:711.14999999999998] [-170:2965.5] [-670.36000000000001:465.23000000000002] [-290.44999999999999:1796.7] [-1.9281999999999999:3.6038999999999999] [-141.97:3118.5] [-6.3792999999999997:3.1057000000000001] [-636.32000000000005:126.3] [-1028:670.66999999999996] [-3.8249:203.49000000000001] [-2.2526000000000002:171.53999999999999] [-2.1015999999999999:75.602000000000004] [-2.1911:15.638999999999999] [-4.6616:226.11000000000001] [-11.215:7.4360999999999997] [-14.228999999999999:6.6036000000000001] [-2.3298000000000001:156.16] [-804.83000000000004:950.64999999999998] [-237.52000000000001:854.76999999999998] [-4746.6999999999998:837.57000000000005] [-3.1417999999999999:67.188000000000002] [-671.47000000000003:896.32000000000005] [-17.552:10.898999999999999] [-565.15999999999997:267.94] [-588.87:236.90000000000001] [-4.4303999999999997:302.19999999999999] [-2.3784000000000001:496.85000000000002] [-2.0764:147] [-2.5341999999999998:14.991] [-5.4390999999999998:374.38] [-12.369999999999999:7.6329000000000002] [-15.390000000000001:7.5674000000000001] [-2.4765999999999999:451.25999999999999] [-241.74000000000001:870.32000000000005] [-176.74000000000001:1673.5] [-1134.3:411.51999999999998] [-3.8809999999999998:80.233000000000004] [-187.16999999999999:427.30000000000001] [-16.16:8.0564] [-550.12:180.30000000000001] [-883.88999999999999:228.02000000000001] [-4.8955000000000002:249.44] [-2.1396000000000002:1545.5] [-1.8222:433.41000000000003] [-2.3641000000000001:23.234000000000002] [-6.1416000000000004:333.32999999999998] [-9.1119000000000003:8.8153000000000006] [-9.3923000000000005:6.7373000000000003] [-2.1368:1317.4000000000001] [-1300.7:843.67999999999995] [-1113.0999999999999:403.93000000000001] [-1125.5:1327.8] [-3.7747999999999999:47.898000000000003] [-1041.5999999999999:174.66] [-11.696:9.9757999999999996] [-407.25999999999999:159.52000000000001] [-544.32000000000005:722.84000000000003] [0:1] [0:1] [0:1] [0:1] [0:1] [0:1] [0:1] [0:1] [-3:4] [-3:4] [-3:0.90000000000000002] [-3:10] [1:3] [-3:1.8] [-3:0.75] [-1:1]
tree_sizes=2611 2802 2802 2813 2820 2813 2813 2818 2808 2817 2805 2806 2833 2835 2833 2825 2834 2826 2837 2821 2836 2817 2810 2851 2841 2831 2847 2848 2840

Tree=0
num_leaves=31
num_cat=0
split_feature=81 69 19 4 11 16 77 12 8 47 77 2 45 53 128 100 25 77 103 6 40 92 51 105 45 17 15 63 108 45
split_gain=17.2465 4.04626 3.93954 3.04754 3.12981 2.798 3.28578 2.87105 2.68626 2.34424 2.12629 1.33183 1.30893 1.34119 1.28849 1.25847 1.17435 1.13738 1.07251 0.728022 0.710748 0.656888 0.857926 0.907848 0.52 0.514992 0.487257 0.44968 0.389501 0.495001
threshold=-2.1172999999999997 -1.7944499999999997 -1.7408999999999997 1.8118500000000004 -1.5344499999999999 0.53169500000000014 -3.3328999999999995 7.4451000000000009 -0.83373999999999981 -0.50885499999999995 -0.59781999999999991 -1.1529499999999999 -0.24654999999999996 -0.53754999999999986 -1.0000000180025095e-35 -0.47313499999999992 -0.29604999999999998 0.65449500000000016 1.3393500000000003 1.9192000000000002 1.6227000000000003 1.3992000000000002 -1.2693999999999999 -1.4188999999999998 0.66337500000000016 -1.4558999999999997 1.6447000000000001 -0.46216499999999994 1.3682000000000001 0.84818500000000008
decision_type=2 2 2 2 2 2 2 2 2 2 2 2 2 2 2 2 2 2 2 2 2 2 2 2 2 2 2 2 2 2
left_child=2 9 -1 5 -5 6 -3 11 -4 14 16 20 26 -14 -2 -11 -6 -15 -12 21 25 22 24 -24 -7 -8 -13 -23 29 -27
right_child=1 3 8 4 10 19 7 -9 -10 15 18 12 13 17 -16 -17 -18 -19 -20 -21 -22 27 23 -25 -26 28 -28 -29 -30 -31
leaf_value=1.4846136320890351 1.4674681778109886 1.4732499962672592 1.4499068878487276 1.4728101126986208 1.488679288602387 1.485837408781729 1.4925681776858188 1.476372526030207 1.4724594826880002 1.4811551343760059 1.5002681773907758 1.5040681772983886 1.4786396061082359 1.4866897994926982 1.4824211191953742 1.4962110339516361 1.4735681774772025 1.5012586535853676 1.486568177559159 1.505068176961553 1.4898300818445813 1.5064015099959391 1.4907824629530697 1.5033290461949973 1.4958374079850898 1.4932499954476952 1.49316341540498 1.4978806768755681 1.5066066389721069 1.502401510317142
leaf_weight=22 25 22 31 31 36 26 20 23 23 23 50 20 28 37 34 35 20 21 20 43 21 30 21 46 26 22 21 32 26 45
leaf_count=22 25 22 31 31 36 26 20 23 23 23 50 20 28 37 34 35 20 21 20 43 21 30 21 46 26 22 21 32 26 45
internal_value=1.48955 1.4917 1.46678 1.49316 1.48704 1.49497 1.49187 1.49331 1.45951 1.4831 1.49054 1.4948 1.49113 1.48763 1.47609 1.49024 1.48328 1.49196 1.49635 1.49922 1.49828 1.49783 1.49566 1.4994 1.49084 1.49985 1.49848 1.502 1.50141 1.4994
internal_weight=0 804 76 687 157 530 306 284 54 117 126 261 127 86 59 58 56 58 70 224 134 181 119 67 52 113 41 62 93 67
internal_count=880 804 76 687 157 530 306 284 54 117 126 261 127 86 59 58 56 58 70 224 134 181 119 67 52 113 41 62 93 67
is_linear=0
shrinkage=1


Tree=1
num_leaves=31
num_cat=0
split_feature=81 19 65 4 13 16 77 64 43 29 71 68 39 60 45 89 68 15 128 49 87 102 71 87 23 117 54 39 19 63
split_gain=15.565 3.55543 3.31178 3.1093 2.9393 2.47752 2.98768 3.16222 2.31389 2.30337 1.82013 1.51127 1.35092 1.09464 1.03092 1.19605 1.2273 1.30929 0.998246 0.872407 0.786799 0.712644 0.702102 0.698032 1.06173 0.617324 0.608587 0.601279 0.445491 0.459803
threshold=-2.1172999999999997 -1.7408999999999997 -1.7310499999999998 1.8118500000000004 -1.5240999999999998 0.53169500000000014 -3.3328999999999995 -5.5950499999999996 -1.0976499999999998 -6.1952499999999988 0.79953500000000011 3.9835500000000006 -0.91454999999999986 0.46747000000000011 -1.3864499999999997 0.85104000000000013 -1.1853499999999999 -0.12410999999999998 -1.0000000180025095e-35 0.25056000000000006 0.90473000000000015 0.25351500000000005 -1.9590999999999996 2.0596000000000005 1.8506500000000001 1.0000000180025095e-35 2.5856000000000008 -0.37366499999999997 0.98562000000000005 0.51463000000000003
decision_type=2 2 2 2 2 2 2 2 2 2 2 2 2 2 2 2 2 2 2 2 2 2 2 2 2 2 2 2 2 2
left_child=1 -1 8 5 19 6 -4 -8 21 -3 12 14 -6 18 -9 16 -16 -18 -10 -5 -19 -2 27 24 -17 -14 28 -7 29 -24
right_child=2 9 3 4 10 22 7 11 13 -11 -12 -13 25 -15 15 23 17 20 -20 -21 -22 -23 26 -25 -26 -27 -28 -29 -30 -31
leaf_value=-0.0046852274205196991 -0.003036714643239975 -0.041995343267917637 -0.01548068096691912 -0.0071921556123665398 -0.0048446357250213623 -0.00031038719800210768 -0.010427096879908018 0.017619498278945683 -0.022090377973822448 -0.02061109361512696 -0.0085303659167359856 -0.0075573352724313736 0.0047563295373145272 -0.0023120394131789608 0.010772949180776073 0.016300207696855067 -0.011343407512388447 0.0079451548154739777 -0.007949330129971106 -0.0217835514806211 -0.00348745939080362 0.010151119884990512 0.010478393678863843 0.0015806708484888078 0.0036803843677043918 0.014991056088071603 0.0026205577701330189 0.010111617863178254 0.0049733955413103111 0.016562438840573689
leaf_weight=22 20 20 22 21 24 31 35 20 26 34 34 20 34 24 31 50 22 34 24 20 27 21 75 20 25 26 20 25 20 53
leaf_count=22 20 20 22 21 24 31 35 20 26 34 34 20 34 24 31 50 22 34 24 20 27 21 75 20 25 26 20 25 20 53
internal_value=0 -0.0216284 0.00204448 0.0033555 -0.0027769 0.00519523 0.00227037 0.00364545 -0.00581029 -0.0285312 0.00123033 0.00562352 0.00518109 -0.0110895 0.00677469 0.00573691 0.00228404 -0.000886519 -0.0153027 -0.0143099 0.00288482 0.00371803 0.00919079 0.00988035 0.0120936 0.00919138 0.010807 0.00434229 0.0119132 0.0129976
internal_weight=0 76 804 689 159 530 306 284 115 54 118 249 84 74 229 209 114 83 50 41 61 41 224 95 75 60 168 56 148 128
internal_count=880 76 804 689 159 530 306 284 115 54 118 249 84 74 229 209 114 83 50 41 61 41 224 95 75 60 168 56 148 128
is_linear=0
shrinkage=0.05


Tree=2
num_leaves=31
num_cat=0
split_feature=81 69 57 4 43 36 77 25 100 70 23 60 63 39 71 58 44 28 56 28 49 99 36 27 40 4 65 3 82 33
split_gain=14.0474 3.31407 3.23711 2.48853 2.1107 2.06379 2.05281 2.17505 2.03963 2.01849 1.67653 1.33532 1.29196 1.28937 1.21192 1.33939 1.17259 1.11291 1.0973 1.08961 1.08705 1.07888 1.0664 0.990441 0.980784 0.875375 0.771947 0.605475 0.593363 0.583498
threshold=-2.1172999999999997 -1.7944499999999997 -2.6769999999999996 0.76754500000000014 -1.0976499999999998 -0.78817499999999996 -0.70145499999999983 0.051527500000000011 -1.0894499999999998 -0.85868999999999984 -2.7115499999999995 0.89156500000000005 -9.8355499999999996 -1.8628499999999997 1.5337000000000003 0.72946500000000014 -1.1702499999999998 0.76135000000000008 0.51580000000000015 1.7882000000000002 -0.94828499999999993 -0.93581499999999995 -0.21501499999999998 0.5806150000000001 -1.3305499999999999 -0.43294999999999995 1.0347000000000002 0.48954000000000003 -0.69985999999999982 -1.5857999999999997
decision_type=2 2 2 2 2 2 2 2 2 2 2 2 2 2 2 2 2 2 2 2 2 2 2 2 2 2 2 2 2 2
left_child=2 4 -1 9 22 -4 7 13 -8 29 -11 24 -12 -5 15 -10 -14 20 -15 -19 -18 25 -2 -21 -6 26 -22 -17 -25 -3
right_child=1 3 5 6 11 -7 8 -9 14 10 12 -13 16 18 -16 27 17 19 -20 23 21 -23 -24 28 -26 -27 -28 -29 -30 -31
leaf_value=-0.032016032564399 -0.0048294427848997569 0.016193113109717768 -0.022887037768960002 -0.013446512306109071 -0.021936772706416939 -0.00069478350606831641 -0.0097975590676069261 -0.020833886840513776 0.015444578872993589 -0.011027337778359653 -0.0066658585117413448 0.00020160321146249773 -0.0060040470212697986 0.0068815211053280274 -0.0043402147394689646 -0.0036295602656900884 0.016718663615839822 -0.0046421157397531177 -0.0078781021572649473 0.013464184188180501 0.0057850424555085959 -0.003907764684408903 0.01110493771377064 -0.0050433455780148507 -0.0085630518031017538 0.0013763172241548697 0.018466613641274828 0.008265690586489181 0.0068561519750139927 0.0084570942905086745
leaf_weight=34 21 30 20 20 26 22 25 21 40 20 26 20 22 34 22 20 35 37 20 27 21 20 21 20 29 24 28 23 22 130
leaf_count=34 21 30 20 20 26 22 25 21 40 20 26 20 22 34 22 20 35 37 20 27 21 20 21 20 29 24 28 23 22 130
internal_value=0 0.00194225 -0.020547 0.00326701 -0.00583647 -0.0112625 -0.00104512 -0.00663192 0.00303753 0.00536708 0.00296151 -0.010862 0.00395363 -0.00260163 0.00609351 0.00885907 0.00503217 0.00606976 0.00141499 0.0022806 0.00920766 0.00638094 0.00313775 0.00599277 -0.0148852 0.00919976 0.0130317 0.00273302 0.00118972 0.0099076
internal_weight=0 804 76 687 117 42 225 95 130 462 302 75 282 74 105 83 256 234 54 106 128 93 42 69 55 73 49 43 42 160
internal_count=880 804 76 687 117 42 225 95 130 462 302 75 282 74 105 83 256 234 54 106 128 93 42 69 55 73 49 43 42 160
is_linear=0
shrinkage=0.05


Tree=3
num_leaves=31
num_cat=0
split_feature=85 51 44 87 22 37 24 92 61 73 57 34 100 58 121 77 103 11 16 15 60 12 14 103 98 3 29 60 108 71
split_gain=12.6778 3.09232 2.7441 2.53077 2.16637 2.01163 1.9988 1.96529 1.90644 1.89972 1.58644 1.46643 1.44474 1.23979 1.23744 1.11737 1.11531 1.10959 1.00777 0.922835 0.907802 0.924383 0.857682 0.741885 0.583204 0.528171 0.886722 0.51424 0.506834 0.427679
threshold=-2.1893999999999996 -1.3133499999999998 -0.86861999999999984 1.6423000000000003 2.1944500000000002 -0.73215499999999989 -1.7613999999999999 -0.047116999999999992 -3.5168999999999992 -0.13772499999999996 0.3632450000000001 11.351500000000001 -0.47886999999999996 1.3095000000000001 1.0000000180025095e-35 -3.3539999999999996 -1.1545499999999997 0.37590000000000007 1.6912000000000003 0.92857000000000012 0.064733500000000013 0.04128550000000001 0.59254000000000007 -1.9582499999999998 -0.97952499999999987 -0.64207499999999984 0.31154500000000002 -0.75728499999999987 0.070801500000000017 -0.10106999999999998
decision_type=2 2 2 2 2 2 2 2 2 2 2 2 2 2 2 2 2 2 2 2 2 2 2 2 2 2 2 2 2 2
left_child=1 -1 3 6 11 -3 7 -2 -8 10 -6 15 -5 -11 -15 19 22 24 23 -4 21 -19 28 -10 -18 26 -22 -23 -17 -26
right_child=2 5 4 12 9 -7 8 -9 18 13 -12 -13 -14 14 -16 16 17 20 -20 -21 25 27 -24 -25 29 -27 -28 -29 -30 -31
leaf_value=-0.0059327022896872627 0.001970408335328102 -0.035779898640300546 -0.0089147121601161512 -0.017680742868355342 -0.0012340900621243887 -0.015308209703791709 -0.0065810149829638636 -0.019929941708133336 0.0012004579862822658 0.013224675375968218 -0.020910622086375952 -0.0073370616883039474 -0.003209143367541187 -0.0091709414353737459 0.0061117819544893731 0.0040070798248052599 0.0047699946082300614 0.0067459156825428919 -0.0017989214509725572 0.0059083329779761181 0.0096351652406156067 -0.00068939810707455596 0.017582552762408006 0.011628369272996982 0.0082109787397914476 0.0087673391259851918 -0.004368473417483843 -0.01189203530550003 0.013617381631680157 0.016755707177799197
leaf_weight=27 20 28 21 35 21 21 38 21 23 20 20 21 34 26 27 34 36 21 29 21 20 21 38 66 27 63 26 20 23 32
leaf_count=27 20 28 21 35 21 21 38 21 23 20 20 21 34 26 27 34 36 21 29 21 20 21 38 66 27 63 26 20 23 32
internal_value=0 -0.0195196 0.00184514 -0.0023091 0.0038991 -0.0270063 0.000577234 -0.00924684 0.0031592 -0.00221984 -0.0108324 0.00554428 -0.0105498 0.00261736 -0.0013854 0.00621552 0.00711354 0.00545267 0.00629588 -0.00150319 0.00304568 -0.00178474 0.011764 0.00893352 0.00978525 0.00579326 0.00172007 -0.0061541 0.00788492 0.0128454
internal_weight=0 76 804 266 538 49 197 41 156 114 41 424 69 73 53 403 361 266 118 42 171 62 95 89 95 109 46 41 57 59
internal_count=880 76 804 266 538 49 197 41 156 114 41 424 69 73 53 403 361 266 118 42 171 62 95 89 95 109 46 41 57 59
is_linear=0
shrinkage=0.05


Tree=4
num_leaves=31
num_cat=0
split_feature=81 29 69 38 48 111 35 33 37 76 22 60 90 128 14 73 53 101 74 93 108 53 93 20 102 84 44 88 17 20
split_gain=11.4417 2.91374 2.78353 2.64668 2.0138 1.95366 1.96804 1.95893 1.90817 1.75298 1.68537 1.59928 1.32415 1.27587 1.17245 1.09578 1.03862 1.33734 0.959939 0.936866 0.716755 0.631185 0.695298 0.605612 0.679722 0.597302 0.531799 0.641261 0.514067 0.511025
threshold=-2.1172999999999997 -6.1952499999999988 -1.7944499999999997 0.24881000000000003 -0.72230499999999986 6.6272000000000011 -1.5779499999999997 -0.64010499999999981 2.7533000000000007 0.80413500000000016 2.0995500000000002 -1.4409499999999997 -0.5651799999999999 -1.0000000180025095e-35 -0.21073999999999996 -0.39470999999999995 0.18743500000000005 1.6488500000000001 0.18501000000000004 -0.52261499999999994 -1.4637999999999998 -1.4159999999999997 -2.8458999999999999 -1.1161499999999998 -1.9567999999999997 -0.48789999999999994 -0.69784499999999994 0.42179500000000009 -0.3070199999999999 1.9567500000000002
decision_type=2 2 2 2 2 2 2 2 2 2 2 2 2 2 2 2 2 2 2 2 2 2 2 2 2 2 2 2 2 2
left_child=1 -1 4 -3 13 6 7 9 11 14 21 -9 -10 -2 -4 -6 -14 -18 19 -13 -17 25 -23 -24 -25 -8 -26 -28 -20 -30
right_child=2 3 5 -5 15 -7 10 8 12 -11 -12 18 16 -15 -16 20 17 -19 28 -21 -22 22 23 24 26 -27 27 -29 29 -31
leaf_value=-0.033881860429590398 -0.021504455521378831 -0.021473014641378543 -0.0080254366966309373 0.0010554313659667969 -0.0089058967750696907 -0.0087181519114357588 0.0056868340748433884 -0.0057975375053027408 -0.01346836147660559 -0.017921907422335251 -0.0044986319022648266 0.0099424053050045456 0.0096009235321120791 -0.0057351772641313489 0.0077269721953641809 -0.002014598306268454 -0.011612999394536019 0.004741422265768052 0.005450862748548389 -0.0031111627541206503 0.010801650971795123 -0.00067689208663068712 0.010785829601809384 -0.0030734298484666007 -0.00036801763233684358 0.015329789911352455 0.011349323807905119 0.001948315979769597 0.018994701966162653 0.0090306282890113918
leaf_weight=22 23 32 27 22 21 34 26 23 22 23 33 28 22 29 21 20 25 25 20 27 24 32 76 21 21 42 60 26 31 22
leaf_count=22 23 32 27 22 21 34 26 23 22 23 33 28 22 29 21 20 25 25 20 27 24 32 76 21 21 42 60 26 31 22
internal_value=0 -0.0185437 0.00175288 -0.0122948 -0.00537606 0.00296698 0.0035754 0.000740735 0.00285999 -0.00657217 0.00623342 0.00634152 -0.00273269 -0.0127101 -0.00113376 0.000491136 0.000547651 -0.00343579 0.00852276 0.00353429 0.00497608 0.00739841 0.00617546 0.00725033 0.00515113 0.0116428 0.0067653 0.00850716 0.0122812 0.0148587
internal_weight=0 76 804 54 117 687 653 316 245 71 337 151 94 52 48 65 72 50 128 55 44 304 236 204 128 68 107 86 73 53
internal_count=880 76 804 54 117 687 653 316 245 71 337 151 94 52 48 65 72 50 128 55 44 304 236 204 128 68 107 86 73 53
is_linear=0
shrinkage=0.05


Tree=5
num_leaves=31
num_cat=0
split_feature=81 51 69 19 43 33 85 12 4 84 77 88 39 86 29 2 84 88 76 60 110 59 61 55 101 66 51 2 101 54
split_gain=10.3261 2.69807 2.51213 2.15228 1.86013 1.82358 1.67946 2.25019 1.62198 1.45701 1.43463 1.24944 1.18416 1.08733 0.98605 1.20118 1.03348 1.24999 0.913841 0.857577 0.807969 0.879413 0.800155 0.666311 0.645733 1.0919 0.840774 0.550766 0.518763 0.514101
threshold=-2.1172999999999997 -1.3133499999999998 -1.7944499999999997 14.013000000000003 -1.0976499999999998 -1.0008499999999998 7.6898000000000009 0.98033000000000003 0.96803000000000006 -1.2137999999999998 -0.70145499999999983 -1.2385499999999998 -0.90308999999999984 0.89868500000000007 0.31154500000000002 -0.28935999999999995 1.3320500000000004 -1.0481999999999998 -0.55074999999999985 2.4541000000000004 1.5376500000000002 -0.83180999999999983 0.77319500000000008 2.3224000000000005 0.77243500000000009 -1.2957499999999997 -0.49194499999999991 0.35024000000000005 -0.50710999999999984 -0.14280999999999996
decision_type=2 2 2 2 2 2 2 2 2 2 2 2 2 2 2 2 2 2 2 2 2 2 2 2 2 2 2 2 2 2
left_child=1 -1 4 6 27 -3 8 -8 14 -10 12 13 -11 -6 23 16 17 -16 -17 29 21 -12 -20 24 25 -4 28 -2 -27 -19
right_child=2 5 3 -5 11 -7 7 -9 9 10 20 -13 -14 -15 15 18 -18 19 22 -21 -22 -23 -24 -25 -26 26 -28 -29 -30 -31
leaf_value=-0.0049251726242127251 -0.0026877198088914155 -0.033316538565688662 -0.005057331618098986 -0.013343147672712802 0.0025119669411493386 -0.013923901118422774 0.0063540865707656623 -0.014587930654143468 -0.0092615919845069165 -0.012276305754979452 0.017512794202637107 -0.019841778727078981 0.0019101435024487347 -0.011937925955280662 -0.0038382516735616851 0.0078627431392669679 0.016136494295840915 0.0083774619270116091 0.003745948690921068 0.013569510025637492 -0.0024076758511364462 0.0051213322248723769 -0.0084527907665909782 0.015614884788239445 0.012446628415653874 0.016086447250939186 0.0030839491532080703 0.0087766910987821505 0.0057577909715473656 -0.00051698510845502217
leaf_weight=27 20 27 21 20 23 22 23 29 34 24 21 22 38 30 34 20 22 32 20 35 20 45 41 27 43 31 54 22 20 33
leaf_count=27 20 27 21 20 23 22 23 29 34 24 21 22 38 30 34 20 22 32 20 35 20 45 41 27 43 31 54 22 20 33
internal_value=0 -0.0176165 0.00166524 0.00281863 -0.00510726 -0.0246096 0.00330324 -0.00532512 0.0040328 7.21709e-05 0.00221641 -0.00982509 -0.00358139 -0.00566722 0.00569754 0.00352769 0.00609265 0.00444366 -0.00141223 0.00725951 0.00639622 0.00906407 -0.0044532 0.00832129 0.00715604 0.00535052 0.00743209 0.00331745 0.012036 0.00386182
internal_weight=0 76 804 687 117 49 667 52 615 182 148 75 62 53 433 237 156 134 81 100 86 66 61 196 169 126 105 42 51 65
internal_count=880 76 804 687 117 49 667 52 615 182 148 75 62 53 433 237 156 134 81 100 86 66 61 196 169 126 105 42 51 65
is_linear=0
shrinkage=0.05


Tree=6
num_leaves=31
num_cat=0
split_feature=81 29 36 69 19 70 22 59 113 11 61 25 77 10 55 103 55 49 46 10 86 18 25 46 16 36 42 46 101 101
split_gain=9.31934 2.58172 2.58617 2.2672 1.94244 1.82405 1.6096 1.45375 1.98603 1.33364 1.14009 1.34403 1.22225 1.89802 1.22798 1.03836 1.01905 0.968344 0.912989 0.885461 0.734521 0.973109 0.822829 0.644045 0.718098 0.595912 0.431965 0.393079 0.350043 0.389017
threshold=-2.1172999999999997 -6.1952499999999988 -0.33949999999999997 -1.7944499999999997 14.013000000000003 3.3740000000000006 2.4708500000000004 -0.83180999999999983 1.0000000180025095e-35 0.44064500000000006 -3.5168999999999992 -0.087597999999999995 -0.57475999999999983 0.43528500000000009 -1.7897499999999997 2.3360500000000006 0.24446000000000004 -1.1206999999999998 -0.10836499999999999 0.51249000000000011 -1.3903499999999998 -0.79915999999999998 4.0253000000000005 1.3387500000000003 0.53169500000000014 -0.67608499999999994 -1.2871999999999997 2.1948500000000002 -0.75929999999999986 1.6488500000000001
decision_type=2 2 2 2 2 2 2 2 2 2 2 2 2 2 2 2 2 2 2 2 2 2 2 2 2 2 2 2 2 2
left_child=1 -1 -3 5 6 16 10 -8 9 -9 18 17 13 -13 -14 20 19 -12 -5 25 -16 22 27 26 -25 -2 -19 -22 -23 -30
right_child=3 2 -4 4 -6 -7 7 8 -10 -11 11 12 14 -15 15 -17 -18 23 -20 -21 21 28 -24 24 -26 -27 -28 -29 29 -31
leaf_value=-0.031173540313135496 -0.0058888586796820167 -0.019926273464807312 0.0023431469093669545 -0.0075677766863788886 -0.012675990131683648 0.0081212620504877778 0.0078049110171074677 -0.021827313922006975 0.0037072978143034316 -0.0042114844634419399 0.013999702251301364 0.0047201508411059256 0.013848927749260779 -0.011670655850321055 -0.0029658278174422409 -0.0049575671497167966 -0.015866769336363568 0.0040969427101887187 0.005823904192075134 -0.011504755017382129 -0.0037668597149221523 0.01572731202468276 0.011093154195696116 -0.005709231032856873 0.0073665342515423192 0.0063167961128056047 0.010834418221941738 0.004211641188997489 0.0047933035929288185 0.013401354618725323
leaf_weight=22 20 32 22 35 20 22 24 22 29 21 52 38 31 33 27 33 28 39 20 27 38 20 20 21 21 20 61 26 35 21
leaf_count=22 20 32 22 35 20 22 24 22 29 21 52 38 31 33 27 33 28 39 20 27 38 20 20 21 21 20 61 26 35 21
internal_value=0 -0.0167357 -0.0108535 0.00158198 0.0026777 -0.00485189 0.00313808 -0.00285221 -0.00640459 -0.0132242 0.00414521 0.00487463 0.00289391 -0.00289811 0.00453229 0.00321949 -0.0078562 0.00816221 -0.00269807 -0.0045085 0.0046625 0.00594978 0.00224077 0.00602453 0.000828652 0.000213969 0.0082068 -0.000525594 0.0100492 0.00802132
internal_weight=0 76 54 804 687 117 667 96 72 43 571 516 322 71 251 220 95 194 55 67 187 160 84 142 42 40 100 64 76 56
internal_count=880 76 54 804 687 117 667 96 72 43 571 516 322 71 251 220 95 194 55 67 187 160 84 142 42 40 100 64 76 56
is_linear=0
shrinkage=0.05


Tree=7
num_leaves=31
num_cat=0
split_feature=85 51 44 22 89 6 33 4 90 6 102 34 6 69 100 108 23 97 64 93 55 60 110 44 103 59 36 100 23 38
split_gain=8.41071 2.36717 2.072 1.57121 1.61345 1.63243 1.55422 1.54771 2.29573 2.66001 1.18975 1.18899 1.08584 1.07367 0.945156 0.956702 0.883641 0.976598 0.949156 0.854959 0.776516 0.721657 0.819594 0.977552 0.718026 0.609239 0.590514 0.471434 0.445531 0.280048
threshold=-2.1893999999999996 -1.3133499999999998 -0.86861999999999984 2.1944500000000002 -0.49887999999999993 -0.13682999999999998 -1.0008499999999998 -1.0610499999999996 1.2491500000000002 -2.1052499999999994 -1.0016999999999998 11.351500000000001 -1.4228499999999997 0.054428500000000012 1.4536000000000002 0.070801500000000017 2.3643000000000005 -1.0857999999999997 1.7209500000000002 -1.7522999999999997 -1.0317999999999998 0.79982000000000009 0.7107150000000001 0.78858000000000017 0.63607500000000006 1.5362000000000002 -0.95658999999999994 4.1287000000000011 -0.19435999999999995 -0.19394999999999998
decision_type=2 2 2 2 2 2 2 2 2 2 2 2 2 2 2 2 2 2 2 2 2 2 2 2 2 2 2 2 2 2
left_child=1 -1 7 11 -5 -6 -3 10 9 -9 -2 14 -11 20 16 27 18 -18 19 -4 -14 22 23 -21 29 -7 -22 -16 -23 -20
right_child=2 6 3 4 5 25 -8 8 -10 12 -12 -13 13 -15 15 -17 17 -19 24 21 26 28 -24 -25 -26 -27 -28 -29 -30 -31
leaf_value=-0.0040112669045036589 -0.0051131287869066004 -0.030487354927592809 -0.0053406351506710059 -0.011656559517066326 0.0099235991707869939 0.0023892696388065817 -0.012584143487567251 -0.015821979892124156 -0.015651675722458298 0.011842514527961612 0.0097618483811213706 -0.0069102101294057708 -0.0041680427300675284 -0.0093175676584775959 0.0092035635406601032 0.01530836977596794 0.0062713862566108058 -0.0074134173570200804 0.009515844900161028 0.0037286191844405274 -0.00093936975235524387 0.014173031175353876 0.0086023214543538718 -0.0087877298776920017 0.0039395264225701495 -0.0090366329964516427 0.0093170562552081209 -0.00063330130208106271 0.0054258693714399602 0.0174537850022316
leaf_weight=27 20 27 25 31 35 20 22 28 36 20 41 21 34 28 29 42 22 32 20 39 23 24 31 26 30 28 36 21 37 25
leaf_count=27 20 27 25 31 35 20 22 28 36 20 41 21 34 28 29 42 22 32 20 39 23 24 31 26 30 28 36 21 37 25
internal_value=0 -0.0158989 0.00150288 0.00328766 -0.0019234 0.00171188 -0.0224492 -0.00210695 -0.00418743 -0.00174534 0.00488481 0.00468875 0.00105002 -0.000733858 0.00529316 0.00974517 0.00397617 -0.00183813 0.00519785 0.00324726 0.00185048 0.00461476 0.00191257 -0.00127792 0.0099313 -0.00427584 0.00531879 0.00507208 0.00886738 0.0139258
internal_weight=0 76 804 538 114 83 49 266 205 169 61 424 141 121 403 92 311 54 257 182 93 157 96 65 75 48 59 50 61 45
internal_count=880 76 804 538 114 83 49 266 205 169 61 424 141 121 403 92 311 54 257 182 93 157 96 65 75 48 59 50 61 45
is_linear=0
shrinkage=0.05


Tree=8
num_leaves=31
num_cat=0
split_feature=81 92 11 128 37 60 96 10 16 75 2 14 108 101 16 106 17 7 102 72 51 78 63 23 14 47 127 43 81 94
split_gain=7.73232 3.65703 1.85239 2.07595 2.02678 1.70958 1.63863 1.55871 1.87172 2.54973 1.43499 1.0681 0.996779 0.969588 0.940132 1.09927 0.926326 0.864994 0.818301 0.822558 1.16427 0.740293 0.709763 0.62552 0.625268 0.604378 0.569434 0.498112 0.454628 0.445385
threshold=-1.7621999999999998 -1.7200999999999997 -1.2250499999999998 0.25000000000000006 -2.0651999999999995 -1.6362999999999996 0.80536000000000019 -0.23394499999999999 -1.5854999999999999 0.066882000000000011 2.2480000000000007 -0.44676499999999991 0.39376500000000009 1.5184000000000002 1.2126450000000002 6.3926000000000007 -0.42553999999999997 1.5605500000000003 1.0291500000000002 -0.89461499999999983 -0.88652999999999993 0.51592500000000008 0.98977000000000015 0.187005 4.0450000000000008 -0.095603999999999981 0.52500000000000013 0.36739000000000005 0.61312000000000011 -0.27187999999999996
decision_type=2 2 2 2 2 2 2 2 2 2 2 2 2 2 2 2 2 2 2 2 2 2 2 2 2 2 2 2 2 2
left_child=1 5 3 6 -4 -1 14 22 9 13 18 21 -3 -9 15 -2 -13 -7 19 20 23 -5 25 -10 28 -6 27 -21 -24 -20
right_child=2 12 4 11 7 17 -8 8 10 -11 -12 16 -14 -15 -16 -17 -18 -19 29 26 -22 -23 24 -25 -26 -27 -28 -29 -30 -31
leaf_value=-0.0098948618075970947 0.00080994077026844038 -0.0078131673933024073 -0.0098753348042789329 0.013009602769411037 0.0070016573855860367 -0.018669938216251986 -0.0188571672514081 -0.0053810991454296391 -0.00064866663888096809 0.0066636779035131148 -0.0075508140064775957 0.0041723937896842303 0.0065243601960405205 -0.019643292093480175 0.005226709498092532 -0.015061904637453459 -0.010337213397195394 -0.033199207689613104 0.014886786343637283 0.014551688596606256 0.0053261435984705502 0.00090322908755574051 0.010343755680625722 -0.012226228257641197 0.0035334317423403264 -0.0034445783775299793 0.00081610640336293727 0.0059633854382599785 0.018910331935400055 0.0065211931584266622
leaf_weight=29 20 27 28 28 45 21 25 26 28 30 25 22 22 22 20 24 22 20 26 25 52 23 59 20 25 20 32 52 21 41
leaf_count=29 20 27 28 28 45 21 25 26 28 30 25 22 22 22 20 24 22 20 26 25 52 23 59 20 25 20 32 52 21 41
internal_value=0 -0.0118523 0.00185338 -0.00251503 0.00324643 -0.0191858 -0.00800204 0.00391566 0.00213135 -0.00477116 0.00392004 0.00262544 -0.00137591 -0.0119179 -0.00376176 -0.00784743 -0.00308241 -0.0257574 0.00495906 0.00341759 0.000142722 0.00754987 0.00789363 -0.00547265 0.0104356 0.00378743 0.00642205 0.0087518 0.0125925 0.00976754
internal_weight=0 119 761 184 577 70 89 549 379 78 301 95 49 48 64 44 44 41 276 209 100 51 170 48 105 65 109 77 80 67
internal_count=880 119 761 184 577 70 89 549 379 78 301 95 49 48 64 44 44 41 276 209 100 51 170 48 105 65 109 77 80 67
is_linear=0
shrinkage=0.05


Tree=9
num_leaves=31
num_cat=0
split_feature=81 92 13 29 73 45 46 15 13 0 60 84 3 84 50 3 108 101 41 9 7 0 62 89 13 29 64 53 93 107
split_gain=6.97842 3.30047 1.62869 1.83123 2.63865 1.98704 1.6893 1.58836 1.39855 1.25055 1.75416 1.14364 0.965724 1.09779 0.912757 1.63376 0.899593 0.837514 0.941623 0.768787 0.767109 0.697338 0.640811 0.681051 0.592568 0.586458 0.49379 0.410991 0.451345 0.51047
threshold=-1.7621999999999998 -1.7200999999999997 -1.3375499999999998 0.3882250000000001 -0.6154599999999999 -0.050250999999999997 -0.33450499999999994 -1.5249999999999997 -2.9070499999999995 1.6908000000000001 -1.1768499999999997 -0.96567999999999998 -1.6957999999999998 3.4009000000000005 -1.2423499999999998 0.48954000000000003 0.39376500000000009 0.99886000000000008 -0.044866999999999997 0.6919550000000001 1.5605500000000003 -0.92986499999999983 -0.08557049999999998 0.85104000000000013 1.2974500000000002 3.1129500000000001 -2.7655499999999997 -1.5408999999999999 -3.0839999999999996 0.073023500000000005
decision_type=2 2 2 2 2 2 2 2 2 2 2 2 2 2 2 2 2 2 2 2 2 2 2 2 2 2 2 2 2 2
left_child=1 7 6 12 5 -5 8 -1 11 10 -10 -2 -4 17 15 21 -3 18 27 -19 -9 -6 -16 24 -24 -8 -25 -14 -29 -30
right_child=2 16 3 4 14 -7 25 20 9 -11 -12 -13 13 -15 22 -17 -18 19 -20 -21 -22 -23 23 26 -26 -27 -28 28 29 -31
leaf_value=-0.00842854417860508 -0.0076325915034183055 -0.0074225091435774068 0.012232183781452478 -0.00037698848949124417 0.00062038055197759104 -0.020723154457906883 -0.00057177089316689459 -0.017989443576273821 0.0039883719906210896 -0.01930899900956623 -0.014561147944858441 0.0076012301059173691 0.012049532029777765 -0.0044831073237583041 -0.00059229962718792455 0.0072547818862778298 0.0061981421831825917 0.0065336671109414773 -0.0048050131786752633 0.017770848803870056 -0.031248243190348149 -0.010565346775968609 0.0073554665609090429 0.0055302299438044428 -0.0039996355678886177 0.010293175880279807 0.015044861367593211 -0.0021479953419078482 0.0079909686972178644 -0.00094310628871122992
leaf_weight=26 22 27 48 24 22 24 23 24 25 24 26 28 20 30 39 34 22 45 27 23 20 38 27 25 20 27 30 22 67 21
leaf_count=26 22 27 48 24 22 24 23 24 25 24 26 28 20 30 39 34 22 45 27 23 20 38 27 25 20 27 30 22 67 21
internal_value=0 -0.0112597 0.00176071 0.00302477 0.000132619 -0.0105501 -0.00247208 -0.0182265 -0.00557903 -0.00989729 -0.00546825 0.000898349 0.00572602 0.00450133 0.00231462 -0.00150183 -0.00130711 0.00569926 0.00369165 0.0103345 -0.0240162 -0.00646391 0.00485891 0.0069432 0.00252351 0.0052953 0.01072 0.00545634 0.00425758 0.00585897
internal_weight=0 119 761 586 283 48 175 70 125 75 51 50 303 255 235 94 49 225 157 68 44 60 141 102 47 50 55 130 110 88
internal_count=880 119 761 586 283 48 175 70 125 75 51 50 303 255 235 94 49 225 157 68 44 60 141 102 47 50 55 130 110 88
is_linear=0
shrinkage=0.05


Tree=10
num_leaves=31
num_cat=0
split_feature=85 112 7 51 60 71 85 46 27 80 41 43 49 59 28 76 86 2 110 6 101 21 68 77 78 23 84 50 7 84
split_gain=6.16508 2.09734 1.87222 1.45382 1.39447 1.38092 1.56695 2.17374 1.32667 1.38675 1.03976 1.03672 1.03342 1.01911 0.924642 0.879397 0.869703 0.747785 0.73771 0.720021 0.622808 1.62255 0.587657 0.570151 0.534259 0.503835 0.463667 0.411061 0.3956 0.342413
threshold=-2.1893999999999996 2.3914500000000003 6.0739500000000008 -1.3133499999999998 2.6379500000000005 1.04925 2.8906500000000004 -2.2283499999999994 1.3324500000000001 7.4680000000000009 1.1625500000000002 1.4872500000000002 1.9441500000000003 1.4189000000000003 -1.5082499999999996 1.9406000000000001 -0.74960999999999989 -2.0679999999999996 -0.27855999999999992 -2.1052499999999994 0.88512500000000005 -0.22636999999999999 -0.30272499999999997 -1.2979999999999998 0.31382500000000008 -0.68966499999999986 -0.38633999999999996 -1.2944999999999998 0.9882200000000001 -0.042036999999999998
decision_type=2 2 2 2 2 2 2 2 2 2 2 2 2 2 2 2 2 2 2 2 2 2 2 2 2 2 2 2 2 2
left_child=1 3 4 -1 5 8 7 -7 9 14 13 -10 16 24 -2 19 18 -13 -9 -16 21 22 -21 -23 26 -19 -6 -22 -29 -18
right_child=2 -3 -4 -5 10 6 -8 12 11 -11 -12 17 -14 -15 15 -17 29 25 -20 20 27 23 -24 -25 -26 -27 -28 28 -30 -31
leaf_value=0.0031300391722470528 -0.0027929002964603052 -0.024186124215865957 -0.011186337612312415 -0.014655893409831656 0.0087002372071146982 -0.014670287005603314 -0.014522136367857456 0.0052573181412838123 -0.011806193397690852 -0.0064363084392001241 0.014024036191403867 0.0076479613699990782 -0.0076594875480693117 -0.0042874415758354916 -0.0043411042202602728 0.010852953697074995 0.012076971583211651 0.0030007477140142806 -0.0059649834845913576 0.012560149677323574 0.0044850298948585984 -0.010816915296018123 0.0028041509975647106 0.00072612187865635626 0.011328518321471555 -0.0068494802998269313 -0.00026970439528882067 0.007255109040997923 0.017199959321878851 0.0041749077303142382
leaf_weight=20 35 29 29 27 25 25 25 27 24 30 32 23 26 29 22 66 26 21 32 33 30 20 29 23 35 34 34 20 20 29
leaf_count=20 35 29 29 27 25 25 25 27 24 30 32 23 26 29 22 66 26 21 32 33 30 20 29 23 35 34 34 20 20 29
internal_value=0 -0.0136119 0.0012867 -0.00708741 0.00175343 0.000692971 -0.00285692 -0.00108947 0.00226153 0.00381027 0.00599527 -0.00271875 0.00133568 0.00390649 0.00484181 0.00585784 0.00338721 7.73908e-05 -0.000829354 0.00418434 0.00525611 0.00282065 0.00799686 -0.00464273 0.00643441 -0.00308848 0.00353112 0.00890932 0.0122275 0.00791043
internal_weight=0 76 804 47 775 620 190 165 430 328 155 102 140 123 298 263 114 78 59 197 175 105 62 43 94 55 59 70 40 55
internal_count=880 76 804 47 775 620 190 165 430 328 155 102 140 123 298 263 114 78 59 197 175 105 62 43 94 55 59 70 40 55
is_linear=0
shrinkage=0.05


Tree=11
num_leaves=31
num_cat=0
split_feature=81 61 37 51 0 81 77 87 27 46 19 102 18 25 110 51 25 39 7 5 88 45 78 98 60 60 101 52 46 87
split_gain=5.78448 2.8732 1.51992 1.57677 1.34145 1.40338 2.35901 1.37776 1.31697 1.10587 1.38921 1.10856 1.02045 1.60216 1.0196 0.913894 1.12016 0.855006 0.843476 0.635901 0.650228 0.522073 0.45789 0.398164 0.53708 0.6636 0.395472 0.464682 0.342221 0.220184
threshold=-1.7621999999999998 -4.2696999999999994 -0.75441499999999995 -0.98749999999999993 -1.3069999999999997 1.7826000000000002 -1.6007499999999999 1.1433000000000002 1.7755500000000002 -0.56545999999999996 1.7921000000000002 2.5802500000000008 -0.86716999999999989 0.051527500000000011 2.3054500000000004 -2.0800999999999994 1.2424000000000002 -0.52941499999999986 0.14407000000000003 -0.83271499999999998 -0.87743999999999989 -1.1463499999999998 -0.052430499999999998 1.0180500000000003 0.042491500000000008 -0.67032499999999995 6.7626500000000016 2.1462000000000003 1.3999500000000002 0.53263500000000008
decision_type=2 2 2 2 2 2 2 2 2 2 2 2 2 2 2 2 2 2 2 2 2 2 2 2 2 2 2 2 2 2
left_child=1 -1 3 -3 7 9 -7 19 14 10 12 15 13 -6 26 16 18 -9 -11 20 -2 -14 -22 24 25 -17 27 -8 -26 -23
right_child=4 2 -4 -5 5 6 8 17 -10 11 -12 -13 21 -15 -16 23 -18 -19 -20 -21 22 29 -24 -25 28 -27 -28 -29 -30 -31
leaf_value=-0.021594377075272956 8.3283320335405224e-05 -0.0013050254367824113 0.0025391390723352499 -0.020254897271566416 0.00254399528583655 -0.015290055365082534 0.0062159077195888934 0.0064859006596221166 -0.010964505405475696 0.00057198087487256896 -0.012211707622744143 0.015248406771570445 -0.0011007823706181213 -0.01367077729292214 -0.0069328125566244132 0.0057508374766811086 0.0065915758298202001 -0.0060255044838413603 -0.011226749394388337 0.012479174648392566 0.0051000108578591608 0.0049554603470658718 0.01460176342654796 0.011891988806781315 0.010306202720752673 -0.0067022885894402863 0.010535957156257197 -0.0032438497458185467 0.003595833389676715 0.012204177528619768
leaf_weight=38 35 21 37 23 39 34 34 22 24 33 25 20 22 25 24 23 33 36 28 49 32 22 21 21 38 20 22 21 38 20
leaf_count=38 35 21 37 23 39 34 34 22 24 33 25 20 22 25 24 23 33 36 28 49 32 22 21 21 38 20 22 21 38 20
internal_value=0 -0.0102513 -0.00492988 -0.0112106 0.00160303 0.000370853 -0.00361249 0.00517951 -0.000436196 0.001927 -0.00143111 0.0039498 0.000674475 -0.0037899 0.00206558 0.00298411 -0.000829272 -0.0012798 -0.00484383 0.0079141 0.00537219 0.00513885 0.00886486 0.00554452 0.00442438 -4.13142e-05 0.00487027 0.002604 0.00695102 0.00840723
internal_weight=0 119 81 44 761 566 159 195 125 407 153 254 128 64 101 234 94 58 61 137 88 64 53 140 119 43 77 55 76 42
internal_count=880 119 81 44 761 566 159 195 125 407 153 254 128 64 101 234 94 58 61 137 88 64 53 140 119 43 77 55 76 42
is_linear=0
shrinkage=0.05


Tree=12
num_leaves=31
num_cat=0
split_feature=81 92 44 74 9 4 60 87 26 4 26 44 27 103 108 92 6 54 100 54 22 71 52 21 128 60 84 71 35 6
split_gain=5.22049 2.51135 1.81871 1.18326 3.25573 1.46598 1.19466 1.32206 1.52828 1.28172 1.11424 1.08899 0.908532 0.856855 0.808118 0.761786 0.744874 0.794372 0.875383 0.645013 0.608594 0.579664 0.489988 0.438286 0.510218 0.412966 0.393402 0.39139 0.377045 0.320428
threshold=-1.7621999999999998 -1.7200999999999997 -1.2626999999999999 -1.2055499999999999 0.56836000000000009 2.8689500000000003 0.39228000000000002 1.3256500000000002 0.77136000000000016 -0.89236999999999989 -4.1829499999999991 -1.0217499999999997 0.67116500000000012 0.16756000000000001 0.55441500000000021 -0.29949499999999996 -0.38183499999999992 2.3489000000000004 -0.74774499999999988 0.35180000000000006 1.1778500000000003 0.39956500000000006 -0.89780499999999985 -0.37332499999999996 -1.0000000180025095e-35 0.16123000000000001 1.0000000180025095e-35 0.70112500000000011 -0.9853449999999998 -0.13682999999999998
decision_type=2 2 2 2 2 2 2 2 2 2 2 2 2 2 2 2 2 2 2 2 2 2 2 2 2 2 2 2 2 2
left_child=1 2 -1 4 5 10 7 8 19 27 -2 -9 15 -13 -3 -12 22 18 -18 21 -11 -5 -8 25 -25 -17 -24 -10 -20 -22
right_child=3 14 -4 6 -6 -7 16 11 9 20 12 13 -14 -15 -16 23 17 -19 28 -21 29 -23 26 24 -26 -27 -28 -29 -30 -31
leaf_value=-0.0072820154300919085 -0.0074613535272267956 -0.0066179578641562585 -0.023427175473723864 0.007458555851028198 -0.020848127293284054 -0.0087448883142011869 0.0037859812350661466 -0.011565499934085618 0.00085156881064176566 0.00022769686579704286 -0.0023411791272727506 0.0075800329108129854 -0.0045489439895997448 -0.0050125740095973018 0.0063573236355469343 0.016567747227170252 -0.0010858773940095776 -0.0054159311739646878 0.011443692394532265 0.010375680376665067 -0.0053565327521590961 -0.0019520642856756848 0.014784664577907987 0.0099534122716812869 -0.0012053257180377841 0.0070838029185930898 0.00710055640628261 0.010235740765929223 0.0032943767770947569 -0.014199589807540179
leaf_weight=33 24 28 37 36 20 36 33 33 25 25 21 22 24 35 21 22 38 23 40 59 21 30 36 21 20 24 31 20 22 20
leaf_count=33 24 28 37 36 20 36 33 33 25 25 21 22 24 35 21 22 38 23 40 59 21 30 36 21 20 24 31 20 22 20
internal_value=0 -0.00973875 -0.0158159 0.00152288 -0.00164988 0.000349943 0.00274806 0.000818981 0.00278529 -0.00148453 0.00244875 -0.00433712 0.00425059 -0.00015227 -0.00105712 0.00620604 0.00556815 0.00296255 0.00488961 0.00657689 -0.00592101 0.003181 0.00877303 0.00826916 0.00451013 0.0116196 0.0112293 0.00502231 0.008552 -0.00967022
internal_weight=0 119 70 761 212 192 549 326 236 111 156 90 132 57 49 108 223 123 100 125 66 66 100 87 41 46 67 45 62 41
internal_count=880 119 70 761 212 192 549 326 236 111 156 90 132 57 49 108 223 123 100 125 66 66 100 87 41 46 67 45 62 41
is_linear=0
shrinkage=0.05


Tree=13
num_leaves=31
num_cat=0
split_feature=69 25 42 73 47 11 19 11 25 51 128 77 41 116 51 58 94 32 102 71 108 4 40 99 101 13 99 11 32 103
split_gain=4.84058 1.9644 1.79152 2.53017 1.81956 1.39427 2.5926 1.32179 1.51432 1.30924 1.04272 0.975915 3.25674 0.940233 0.905296 0.852012 0.768026 0.744815 0.687635 0.553755 0.540041 0.758156 0.502821 0.49875 0.6593 0.840617 0.43981 0.591721 0.412627 0.406556
threshold=-1.7944499999999997 -5.1431999999999993 -1.4704999999999997 -0.62705499999999992 -0.54448499999999989 -1.3859499999999998 1.6636500000000003 -2.1305999999999998 4.0691500000000014 -1.4170999999999998 0.25000000000000006 -1.3808499999999999 -0.90841999999999989 1.0000000180025095e-35 -0.98749999999999993 -2.9174499999999992 -0.84967999999999988 0.32093500000000003 -0.36836999999999992 -2.3760999999999997 -1.1627499999999997 -0.31134999999999996 -0.70630999999999988 -1.2073499999999997 -1.7490999999999997 2.1488500000000004 1.3589000000000002 1.5738000000000001 2.1041500000000002 -0.30750499999999997
decision_type=2 2 2 2 2 2 2 2 2 2 2 2 2 2 2 2 2 2 2 2 2 2 2 2 2 2 2 2 2 2
left_child=1 17 -3 -4 14 6 7 -2 10 11 -9 12 -7 16 22 -11 -13 -1 -18 -17 -20 -22 -5 -21 -25 26 27 28 29 -26
right_child=5 2 3 4 -6 9 -8 8 -10 15 -12 13 -14 -15 -16 19 18 -19 20 23 21 -23 -24 24 25 -27 -28 -29 -30 -31
leaf_value=-0.009886800637468697 0.0116241397166794 0.0064853100882222257 -0.021315524920821192 0.0010463857480014363 0.0075326955980724759 0.0038213094283959695 -0.016941272016041554 -0.016132784109296545 0.0069819280808722534 -0.0043595409317111434 -0.00087663857654357948 0.0089615218103566065 -0.021085139576877868 -0.0052626569478495706 -0.016450806928887254 -0.0012716959044337273 -0.005603768241902193 -0.023369024073084197 0.0095727538439230285 0.0093945168453501548 0.0070629679051966501 -0.0038001836406894858 -0.0096881323761772373 -0.0034063528552429664 -0.0050614067609421913 -0.002975680966946212 0.012289958374781742 0.011396185561053214 0.0088005603209603579 0.0048994737677276138
leaf_weight=20 22 30 25 24 27 35 26 21 27 22 24 47 21 37 21 25 27 21 26 96 29 36 20 21 20 22 36 31 20 21
leaf_count=20 22 30 25 24 27 35 26 21 27 22 24 47 21 37 21 25 27 21 26 96 29 36 20 21 20 22 36 31 20 21
internal_value=0 -0.00711462 -0.00441539 -0.00721044 -0.00337754 0.00193287 -0.00296715 0.000898036 -0.00237939 0.00296085 -0.00799617 0.000321862 -0.00551861 0.001941 -0.00790948 0.00512919 0.00355637 -0.0167923 0.00140347 0.00584409 0.00348254 0.00104645 -0.00383294 0.00651037 0.00489119 0.00605285 0.00760463 0.00577124 0.00291266 4.05077e-05
internal_weight=0 188 147 117 92 692 120 94 72 572 45 258 56 202 65 314 165 41 118 292 91 65 44 267 171 150 128 92 61 41
internal_count=880 188 147 117 92 692 120 94 72 572 45 258 56 202 65 314 165 41 118 292 91 65 44 267 171 150 128 92 61 41
is_linear=0
shrinkage=0.05


Tree=14
num_leaves=31
num_cat=0
split_feature=69 103 87 88 4 11 70 11 80 104 38 44 30 87 92 11 10 10 60 7 113 50 81 4 13 98 119 70 125 69
split_gain=4.36862 1.69375 1.31507 1.41141 1.28858 1.93104 1.2346 1.19648 1.1185 0.989539 0.873017 0.662814 0.692423 0.768067 0.686157 0.605897 0.579709 0.667337 0.545606 0.578139 0.699086 0.567872 0.513476 0.502481 0.47572 0.552043 0.444885 0.437418 0.616199 0.771329
threshold=-1.7944499999999997 2.8385500000000001 -2.0692499999999998 -1.7397999999999998 1.8118500000000004 -1.5344499999999999 -0.85868999999999984 2.1029500000000003 0.73359000000000008 -0.96004499999999993 3.0681000000000007 -1.1702499999999998 -0.17859499999999998 1.2595000000000003 0.79708000000000012 0.23205000000000003 -2.1152999999999995 -0.03697799999999999 2.9628000000000001 1.4034000000000002 1.0000000180025095e-35 -0.92855499999999991 1.3653000000000002 -0.89236999999999989 1.5928000000000002 -0.21594999999999998 1.0000000180025095e-35 -1.1811499999999997 1.7500000000000002 -1.2348999999999999
decision_type=2 2 2 2 2 2 2 2 2 2 2 2 2 2 2 2 2 2 2 2 2 2 2 2 2 2 2 2 2 2
left_child=1 2 -1 16 6 -6 26 8 22 -5 11 -8 13 23 18 -10 -4 -18 19 20 21 -14 -7 -13 25 -16 27 28 29 -2
right_child=4 -3 3 9 5 7 10 -9 15 -11 -12 12 14 -15 24 -17 17 -19 -20 -21 -22 -23 -24 -25 -26 -27 -28 -29 -30 -31
leaf_value=-0.014068881110782087 0.013628812577506458 -0.020513705586781728 -0.0045122188121161384 -0.014903202628095944 -0.013091410041670316 0.012189354821138325 -0.0049373408313840633 -0.0084737632390377779 -0.0086309847908771845 -0.0025281104658331191 -0.0060822804044518208 0.013441574041332519 -0.002860372020862997 -0.00094097694009542474 0.0033412336320098909 0.0032426207459398679 0.011261315676181214 -0.00065719115063984652 0.0053565087593160574 0.0045678731519728901 0.0024225859902799133 -0.013414534124044274 0.0025583151187747719 0.0046231360857685406 -0.0016283040334071433 0.013394516943530603 0.011444098858961037 0.010655766487892333 0.00020833908347412945 0.0019799134225468151
leaf_weight=33 27 20 23 30 32 31 30 28 22 35 36 35 25 25 36 21 23 24 25 20 22 26 25 30 21 22 35 29 59 30
leaf_count=33 27 20 23 30 32 31 30 28 22 35 36 35 25 25 36 21 23 24 25 20 22 26 25 30 21 22 35 29 59 30
internal_value=0 -0.00675889 -0.00512141 -0.00293425 0.00183623 -0.00211415 0.00301467 0.000651779 0.00323274 -0.00823969 0.00129629 0.00213424 0.00287343 0.00650694 0.00121345 -0.00283225 0.00199224 0.00517527 -0.00120102 -0.00296379 -0.00502726 -0.00824093 0.00788978 0.00937153 0.00481987 0.00715455 0.0063846 0.00516334 0.00379024 0.00749781
internal_weight=0 188 168 135 692 159 533 127 99 65 353 317 287 90 197 43 70 47 118 93 73 51 56 65 79 58 180 145 116 57
internal_count=880 188 168 135 692 159 533 127 99 65 353 317 287 90 197 43 70 47 118 93 73 51 56 65 79 58 180 145 116 57
is_linear=0
shrinkage=0.05


Tree=15
num_leaves=31
num_cat=0
split_feature=81 61 37 85 74 48 19 10 67 23 97 6 62 84 38 30 98 30 4 34 28 52 70 92 84 42 46 15 61 28
split_gain=3.99036 2.24711 1.22839 1.0151 1.81076 0.989054 0.985001 0.878018 0.847101 1.14158 1.26813 1.12091 0.897495 0.931499 1.01844 0.868822 0.837961 0.802737 0.821457 0.703575 0.685444 0.613294 0.763335 0.699274 0.608964 0.600244 0.45478 0.734675 0.391998 0.370301
threshold=-1.7621999999999998 -4.2696999999999994 -0.75441499999999995 7.2144500000000003 -0.83256999999999992 -1.0412999999999999 14.013000000000003 0.65403000000000011 -1.4690499999999997 -2.5489999999999999 1.7265000000000004 -0.045377999999999995 2.2494000000000001 -1.7254499999999997 1.9324500000000002 1.0976000000000001 -0.94729499999999989 -0.58046999999999993 -1.0988999999999998 1.2069500000000002 2.0031500000000002 -0.40665999999999997 0.88455000000000006 -0.49308999999999997 -1.0071649999999999 1.3674000000000002 -1.5288999999999997 0.13179500000000002 0.97569500000000009 -0.82767499999999983
decision_type=2 2 2 2 2 2 2 2 2 2 2 2 2 2 2 2 2 2 2 2 2 2 2 2 2 2 2 2 2 2
left_child=1 -1 7 6 -5 -6 8 -3 9 11 12 -2 13 -11 15 17 -16 18 -15 -19 -17 -12 -23 -24 -20 28 -10 -28 -14 -29
right_child=3 2 -4 4 5 -7 -8 -9 26 10 21 -13 25 14 16 20 -18 19 24 -21 -22 22 23 -25 -26 -27 27 29 -30 -31
leaf_value=-0.018545732683943293 0.0010597387895635937 -0.0020629147067666056 0.0029062911842531224 -0.017045674705877902 -0.0068423486028153166 0.0062866751919500533 -0.0087124442504275413 -0.016203733719885351 0.01136780493294022 -0.010222994706903896 0.011735108012045459 -0.015125208208337427 0.0051498335876385684 0.0076211950708446764 -0.013567832747304982 -0.0091076781349589252 -0.00062716512716022035 0.0043281158084611006 -0.0098630106972996158 0.015862749814987181 0.0020577791595348606 -0.0018308340338990094 0.0019680157098697407 0.014871263433070409 0.0010186086253573497 0.011387479369743513 -0.0019262884829111177 0.0011855066076598385 -0.0034233640856109562 0.0087203664209930202
leaf_weight=38 23 21 37 20 26 32 21 23 28 24 39 20 40 28 22 28 29 39 20 20 27 32 21 21 36 26 34 22 20 63
leaf_count=38 23 21 37 20 26 32 21 23 28 24 39 20 40 28 22 28 29 39 20 20 27 32 21 21 36 26 34 22 20 63
internal_value=0 -0.00851439 -0.00380832 0.00133142 -0.00407232 0.000401251 0.00194854 -0.00945471 0.00228673 0.00133116 0.00204169 -0.00646814 0.000587655 -0.000815503 9.12434e-05 0.00171414 -0.00620941 0.00376821 0.000628609 0.00823816 -0.00362645 0.00666113 0.003987 0.00841964 -0.00286768 0.00504187 0.00563448 0.00428547 0.0022921 0.00677017
internal_weight=0 119 81 761 78 58 683 44 662 515 472 43 359 273 249 198 51 143 84 59 55 113 74 42 56 86 147 119 60 85
internal_count=880 119 81 761 78 58 683 44 662 515 472 43 359 273 249 198 51 143 84 59 55 113 74 42 56 86 147 119 60 85
is_linear=0
shrinkage=0.05


Tree=16
num_leaves=31
num_cat=0
split_feature=69 25 42 73 47 11 25 54 13 51 29 45 40 103 28 51 34 58 23 58 13 69 40 8 13 85 104 98 0 68
split_gain=3.61633 1.50941 1.5461 2.12116 1.51096 1.09911 1.48002 1.22497 1.09695 1.07329 1.14235 2.68421 0.937066 0.916323 0.796912 0.790204 0.761856 0.685483 0.680107 0.637231 0.645049 0.506397 0.443166 0.403994 0.387642 0.708943 0.377797 0.499799 0.619334 0.362059
threshold=-1.7944499999999997 -5.1431999999999993 -1.4704999999999997 -0.62705499999999992 -0.54448499999999989 -1.3859499999999998 4.0691500000000014 -0.078989999999999991 -2.3513999999999995 -1.4170999999999998 0.38053500000000007 0.7005300000000001 -0.11249999999999998 0.44210500000000003 1.0957000000000001 -0.98749999999999993 0.60316000000000014 -2.9174499999999992 -0.99202999999999986 0.40814500000000004 0.78562500000000013 2.1122000000000001 -0.70630999999999988 1.8012500000000002 2.0955000000000008 0.020750500000000002 -0.72986499999999987 -0.75776999999999994 -1.5333499999999998 0.46824000000000005
decision_type=2 2 2 2 2 2 2 2 2 2 2 2 2 2 2 2 2 2 2 2 2 2 2 2 2 2 2 2 2 2
left_child=1 18 -3 -4 15 6 7 8 -2 10 19 12 -12 -9 21 22 -16 -11 -1 20 -7 23 -5 -13 26 -26 27 28 -19 -28
right_child=5 2 3 4 -6 9 -8 13 -10 17 11 14 -14 -15 16 -17 -18 24 -20 -21 -22 -23 -24 -25 25 -27 29 -29 -30 -31
leaf_value=-0.020917201113133208 0.0071456508516954884 0.0063431853769967952 -0.019294738959521055 0.001389062183443457 0.0070715993642807007 -0.0035532711976856896 0.0067287442995415591 -0.0049946138230354889 -0.0085021710821560452 -0.0039644391932101416 -0.018962945610284807 -0.0026366083230823282 -0.0051311839837580924 -0.019440596444266184 -0.010363617986440659 -0.014980233500578574 0.002616652511418439 0.0001169069476115207 -0.0080339383962564175 0.0096595794403886732 0.0063328133275111515 0.011976575913528603 -0.0086885813786648208 0.0074131886754184965 -0.0045737025614541313 0.0069939475218470095 0.0099950572360868167 -0.00296385413967073 0.0079840206349750028 0.002856519421481568
leaf_weight=21 24 30 25 24 27 33 31 23 21 22 25 20 24 21 20 21 26 36 20 36 33 21 20 20 26 27 78 20 82 23
leaf_count=21 24 30 25 24 27 33 31 23 21 22 25 20 24 21 20 21 26 36 20 36 33 21 20 20 26 27 78 20 82 23
internal_value=0 -0.00614946 -0.00378339 -0.00637995 -0.0028705 0.00167066 -0.0026799 -0.00595706 -0.000156666 0.00258337 0.000193985 -0.00249629 -0.0121882 -0.0118893 0.00194206 -0.00700029 -0.00302694 0.00454662 -0.0146327 0.00430853 0.00138977 0.00568918 -0.00319168 0.00238829 0.00518786 0.00131925 0.00604576 0.00434508 0.00558388 0.00836945
internal_weight=0 188 147 117 92 692 120 89 45 572 258 156 49 44 107 65 46 314 41 102 66 61 44 40 292 53 239 138 118 101
internal_count=880 188 147 117 92 692 120 89 45 572 258 156 49 44 107 65 46 314 41 102 66 61 44 40 292 53 239 138 118 101
is_linear=0
shrinkage=0.05


Tree=17
num_leaves=31
num_cat=0
split_feature=81 61 37 51 85 49 7 110 87 45 37 12 31 4 44 13 86 33 57 33 64 104 9 121 19 13 56 4 31 5
split_gain=3.30898 1.89908 1.06766 1.19968 0.917753 1.52637 1.0254 0.938898 0.819571 0.799273 0.833558 0.701228 0.693582 0.788668 0.638448 0.754853 1.75357 0.74132 0.598428 0.488284 0.635058 0.499677 0.64876 0.485153 0.462979 0.614197 0.519126 0.382516 0.288982 0.272659
threshold=-1.7621999999999998 -4.2696999999999994 -0.75441499999999995 -0.98749999999999993 7.6898000000000009 -0.043744499999999999 6.0739500000000008 3.3839000000000001 1.3927000000000003 14.346000000000002 2.7533000000000007 1.1030500000000003 1.8966000000000003 0.29957500000000009 -1.3326999999999998 -1.6761499999999998 -0.70634499999999989 -1.9713999999999998 -2.0926499999999995 -1.5196499999999997 2.7194000000000007 0.81669500000000006 -0.90242499999999992 1.5000000000000002 -0.19095999999999999 1.4610000000000003 -1.0223999999999998 -0.39440999999999993 -0.37994499999999992 0.016847500000000005
decision_type=2 2 2 2 2 2 2 2 2 2 2 2 2 2 2 2 2 2 2 2 2 2 2 2 2 2 2 2 2 2
left_child=1 -1 3 -3 6 -6 7 9 -9 10 14 -7 13 -12 -2 16 -16 -17 -19 27 21 22 -21 24 25 26 -24 -20 -25 -22
right_child=4 2 -4 -5 5 11 -8 8 -10 -11 12 -13 -14 -15 15 17 -18 18 19 20 29 -23 23 28 -26 -27 -28 -29 -30 -31
leaf_value=-0.016975311287923865 0.010749484061335142 -5.0825204345442005e-05 0.0028327933298675596 -0.016580183978152016 -0.01384229333175776 0.0080499569264551006 -0.0077773937472590694 0.00080223449816306438 -0.012264671018347145 0.012058931165798144 -8.6306767876852649e-05 -0.0043436817787587644 0.0047196389250457292 -0.01173023398822317 -0.01264413970708847 -0.0047307043504238562 0.004799930814324933 0.0094130928537601403 0.010890718278310755 -0.008030384388153575 0.01100350492288945 0.0059195116882174445 -0.0052549248520770801 0.0082510686450405057 0.0048955427932863439 -0.0081181825674138969 0.0043107823670111801 0.002541827261650368 0.00070260093281311652 0.0035951906248279245
leaf_weight=38 26 21 37 23 26 21 27 30 20 22 33 25 25 26 25 26 34 45 34 21 27 49 23 32 30 30 37 23 21 23
leaf_count=38 26 21 37 23 26 21 27 30 20 22 33 25 25 26 25 26 34 45 34 21 27 49 23 32 30 30 37 23 21 23
internal_value=0 -0.00775345 -0.00342714 -0.00869117 0.00121243 -0.00415892 0.00177373 0.00216328 -0.00442453 0.0027015 0.00235258 0.00131428 -0.00226004 -0.00521753 0.00311831 0.00270496 -0.00259162 0.00344723 0.00398553 0.0032877 0.00246398 0.00140808 0.000268594 0.00127598 -0.000483696 -0.00227678 0.000643928 0.00752187 0.00526017 0.00759568
internal_weight=0 119 81 44 761 72 689 662 50 612 590 46 84 59 506 480 59 421 395 350 293 243 194 173 120 90 60 57 53 50
internal_count=880 119 81 44 761 72 689 662 50 612 590 46 84 59 506 480 59 421 395 350 293 243 194 173 120 90 60 57 53 50
is_linear=0
shrinkage=0.05


Tree=18
num_leaves=31
num_cat=0
split_feature=69 45 42 1 102 4 11 73 29 85 70 108 75 97 64 88 87 54 103 6 34 36 45 3 119 70 125 69 36 47
split_gain=2.99112 1.30625 1.6246 1.57622 1.43355 1.00349 1.54373 0.987783 1.33592 0.970559 0.680678 0.680641 0.671498 0.637227 0.484077 0.61016 0.903595 0.643914 0.548441 0.505373 0.450914 0.438667 0.432622 0.389749 0.382391 0.360103 0.497814 0.643638 0.552436 0.269732
threshold=-1.7944499999999997 -1.3864499999999997 -0.17470499999999997 2.1961500000000007 -0.47934499999999997 1.8118500000000004 -1.5344499999999999 -0.026547499999999998 0.21956500000000004 7.6898000000000009 -0.85868999999999984 -1.0582999999999998 -8.6387499999999982 1.8461500000000004 3.1077500000000007 -0.91066999999999998 0.87209000000000014 2.0534000000000003 -0.86282499999999984 1.1177000000000004 -0.67913999999999997 -0.48366499999999996 -1.1888999999999998 -0.96386499999999986 1.0000000180025095e-35 -1.1811499999999997 1.7500000000000002 -1.2348999999999999 -1.2869999999999997 6.2890500000000005
decision_type=2 2 2 2 2 2 2 2 2 2 2 2 2 2 2 2 2 2 2 2 2 2 2 2 2 2 2 2 2 2
left_child=1 4 -3 11 12 9 -7 8 22 10 24 -4 -1 14 15 16 19 18 -17 -12 -15 -9 -8 -20 25 26 27 -2 -28 -16
right_child=5 2 3 -5 -6 6 7 21 -10 -11 13 -13 -14 20 29 17 -18 -19 23 -21 -22 -23 -24 -25 -26 -27 28 -29 -30 -31
leaf_value=-0.023674515066668393 0.012138067644641357 0.0060313413985759803 0.0023386576137615039 -0.018291430672009789 -0.0019334545992314815 -0.011781529046129436 -0.0035540842190384865 -0.00035004563230488987 -0.014023906648868607 -0.0051413278144441157 -0.0048320519675811129 -0.0079941615093654644 -0.010717877497081646 0.010886979490068966 0.0092129777793003159 -0.0034236543253064154 -0.012728764223200933 -0.0061803455549207607 0.00047159103705780582 0.0049022945769441632 0.0021435239732575917 0.0087430962658901195 0.0058441652411905434 0.007304500536508083 0.010301551196191992 0.0094537951582079321 0.0066841364110587168 0.001496987691304336 -0.0035822622257431873 0.0012735107634216547
leaf_weight=20 27 38 34 21 25 32 25 21 21 38 30 30 20 29 23 25 21 22 32 24 30 36 24 60 35 29 20 30 38 20
leaf_count=20 27 38 34 21 25 32 25 21 21 38 30 30 20 29 23 25 21 22 32 24 30 36 24 60 35 29 20 30 38 20
internal_value=0 -0.00559268 -0.00256292 -0.00640507 -0.0113259 0.0015194 -0.00196668 0.000506349 -0.00347277 0.00255934 0.0031505 -0.00250485 -0.0171962 0.00175503 0.000679222 -0.000293498 -0.00392814 0.00166764 0.00314333 -0.000505676 0.00644115 0.00539299 0.00104914 0.00492784 0.00561401 0.00447468 0.00321908 0.0065375 -4.21248e-05 0.0055202
internal_weight=0 188 123 85 65 692 159 127 70 533 495 64 40 316 257 214 75 139 117 54 59 57 49 92 179 144 115 57 58 43
internal_count=880 188 123 85 65 692 159 127 70 533 495 64 40 316 257 214 75 139 117 54 59 57 49 92 179 144 115 57 58 43
is_linear=0
shrinkage=0.05


Tree=19
num_leaves=31
num_cat=0
split_feature=81 61 122 55 16 23 4 74 79 72 100 3 78 41 15 4 4 63 61 97 11 23 25 98 13 43 53 11 25 31
split_gain=2.75352 1.5833 1.05108 1.21097 0.930028 1.78601 1.63848 1.20785 1.35594 0.952061 0.843373 0.661026 0.640278 0.668556 0.520496 0.506857 0.90864 0.485146 0.528426 0.569207 0.592075 0.532659 0.567999 0.42574 0.366655 0.342345 0.339543 0.235745 0.223393 0.186261
threshold=-1.7621999999999998 -4.2696999999999994 1.5000000000000002 0.33988000000000007 0.53169500000000014 -2.5489999999999999 3.0428500000000005 -2.2217999999999996 -2.8249999999999997 5.9958000000000009 -0.21579999999999996 0.57769000000000015 -1.2930499999999998 -3.4624999999999995 -1.0817499999999998 3.3123500000000003 0.37189000000000005 2.9715500000000001 2.6874000000000007 1.8951500000000003 -0.64066499999999993 -0.27104999999999996 0.82815500000000009 -1.1943999999999997 1.7031500000000002 -1.8883999999999996 2.7335000000000007 1.7831000000000004 -0.90423999999999982 -0.77787499999999998
decision_type=2 2 2 2 2 2 2 2 2 2 2 2 2 2 2 2 2 2 2 2 2 2 2 2 2 2 2 2 2 2
left_child=1 -1 3 -3 5 -2 12 -7 11 15 -8 -9 25 -14 -15 16 17 18 19 20 -10 -22 -23 -18 26 -6 28 -27 -16 -30
right_child=4 2 -4 -5 6 7 10 8 9 -11 -12 -13 13 14 24 -17 23 -19 -20 -21 21 22 -24 -25 -26 27 -28 -29 29 -31
leaf_value=-0.015493128085597019 -0.010879817808902749 -0.0012754260464326332 0.0062048556261949921 -0.016236467113984483 0.013414455065503718 -0.0081567725373639013 -0.013292132446076722 -0.0097087064660930384 0.0070138411801308398 -0.0051233540836940795 0.00048317024391144518 0.00075383578033114866 -0.0042025125637236566 -0.00091349692901948826 0.012449444837868215 0.010119825110970331 -0.0065680511424253728 0.01041142171015963 0.0098502698021807854 0.0083898122092219193 0.0049821740709012378 0.00052863264662356905 -0.01002670267596841 0.0015724013158534137 -2.1674954967403955e-05 0.003858912732296934 0.0012409997242502869 0.010629386436194183 0.01055643611374156 0.0046607425637744566
leaf_weight=38 37 38 22 21 24 36 20 36 25 34 25 26 27 37 25 28 29 32 28 29 20 26 25 36 22 36 20 20 21 37
leaf_count=38 37 38 22 21 24 36 20 36 25 34 25 26 27 37 25 28 29 32 28 29 20 26 25 36 22 36 20 20 21 37
internal_value=0 -0.00707281 -0.00312253 -0.00660054 0.001106 -0.000358999 0.00319152 0.00059044 0.00143242 0.00277448 -0.00563919 -0.00532119 0.00466877 0.00308172 0.00429576 0.0037404 0.00302591 0.00481267 0.00364169 0.00225097 0.000396525 -0.00193352 -0.00464555 -0.00205949 0.0058377 0.00841819 0.00708921 0.00627694 0.00849842 0.00679539
internal_weight=0 119 81 59 761 447 314 410 374 312 45 62 269 189 162 278 250 185 153 125 96 71 51 65 125 80 103 56 83 58
internal_count=880 119 81 59 761 447 314 410 374 312 45 62 269 189 162 278 250 185 153 125 96 71 51 65 125 80 103 56 83 58
is_linear=0
shrinkage=0.05


Tree=20
num_leaves=31
num_cat=0
split_feature=69 70 115 55 103 102 4 11 16 77 31 11 89 6 66 4 45 1 10 0 52 23 59 71 78 28 101 110 96 65
split_gain=2.51886 1.1788 1.14649 1.12181 1.04748 0.960521 0.822648 1.35416 1.21748 1.35141 0.955652 0.935824 0.842385 0.60743 0.890125 0.592375 0.48864 0.485665 0.509835 0.670811 0.469792 0.41993 0.388295 0.366083 0.486252 0.302624 0.298353 0.228863 0.340665 0.145923
threshold=-1.7944499999999997 3.3740000000000006 1.0000000180025095e-35 0.24446000000000004 -0.33623499999999995 -1.3552999999999997 1.8118500000000004 -1.5344499999999999 0.53169500000000014 -3.3328999999999995 -5.452799999999999 2.1029500000000003 -0.97259499999999988 1.3707500000000004 -0.12518499999999996 0.33095500000000005 -0.47142499999999993 -0.96514999999999984 2.6684500000000004 -1.9922499999999996 -1.3419999999999999 1.0985000000000003 0.69935500000000006 -1.9590999999999996 -0.43893999999999994 1.0957000000000001 -0.73397499999999993 -0.61910499999999991 0.0079591500000000016 0.9091800000000001
decision_type=2 2 2 2 2 2 2 2 2 2 2 2 2 2 2 2 2 2 2 2 2 2 2 2 2 2 2 2 2 2
left_child=1 2 3 4 26 -6 8 -8 9 -2 -11 12 -9 15 22 16 -12 18 -18 -20 -10 29 -15 24 -22 27 -1 -25 -29 -14
right_child=6 -3 -4 -5 5 -7 7 11 20 10 13 -13 21 14 -16 -17 17 -19 19 -21 23 -23 -24 25 -26 -27 -28 28 -30 -31
leaf_value=0.008822050760500133 -0.011641749104654249 0.0045359151110191042 -0.014908225905331647 -0.011762145260275391 -0.014484173223553672 -0.00033820333607893972 -0.010954578977543861 -0.0031336626818252579 0.010129708315556249 -0.0075582906803382298 0.010544186599295714 -0.0075164200172626559 0.0062880957778543231 0.0073274568835040551 -0.0099432937922361107 -0.0033388156926742307 0.0096301737381145371 -0.0013258950546001778 0.0078744344509624198 -0.0026248807862430112 0.0058727145640422472 0.0006500021740239824 -0.0025251436769030988 0.0098469171332544667 -0.0039389559198752975 0.0016866753668230224 0.00018560706055723131 0.0095662938187951636 0.0016393333772253809 0.012255685116785269
leaf_weight=20 22 27 34 38 21 28 32 37 39 28 29 28 20 20 23 27 40 39 29 32 23 21 20 40 28 38 20 23 33 21
leaf_count=20 22 27 34 38 21 28 32 37 39 28 29 28 20 20 23 27 40 39 29 32 23 21 20 40 28 38 20 23 33 21
internal_value=0 -0.00513221 -0.00675357 -0.00457044 -0.00149982 -0.00640076 0.0013943 -0.00176208 0.00233588 0.000301271 0.00121676 0.000554142 0.00283673 0.00216542 -0.00210555 0.00353823 0.00463693 0.00341328 0.00524326 0.0023666 0.00514256 0.0063997 0.00240116 0.00409122 0.000485915 0.00546338 0.00450383 0.00695833 0.00489505 0.00934467
internal_weight=0 188 161 127 89 49 692 159 533 309 287 127 99 259 63 196 169 140 101 61 224 62 40 185 51 134 40 96 56 41
internal_count=880 188 161 127 89 49 692 159 533 309 287 127 99 259 63 196 169 140 101 61 224 62 40 185 51 134 40 96 56 41
is_linear=0
shrinkage=0.05


Tree=21
num_leaves=31
num_cat=0
split_feature=65 102 103 52 0 19 16 23 64 0 77 87 28 128 77 110 45 42 59 57 87 30 63 49 14 9 109 59 105 79
split_gain=2.12488 1.46049 1.07324 1.49964 0.916754 1.03238 0.984722 1.159 1.10187 0.931239 1.13431 0.903673 0.743123 0.720865 0.638304 0.633797 0.589349 0.708691 0.512096 0.520941 0.565907 0.476832 0.519634 0.513432 0.603833 0.641681 0.419178 0.313531 0.260954 0.251081
threshold=-1.8984499999999997 -0.69153999999999993 1.6398500000000003 -0.83831499999999981 1.83525 1.8940500000000002 0.53169500000000014 -2.6810499999999995 -5.5950499999999996 5.5664500000000006 -0.70145499999999983 -0.91648999999999992 -0.60128499999999996 0.25000000000000006 -3.3328999999999995 1.8835500000000003 -1.3376999999999997 1.2248000000000003 1.1259000000000003 0.28318500000000008 0.49102500000000004 1.1447500000000002 0.98977000000000015 -1.0099499999999997 -0.40699999999999997 -1.8546999999999998 3.4629000000000003 1.8689000000000002 2.9053500000000008 1.0768500000000003
decision_type=2 2 2 2 2 2 2 2 2 2 2 2 2 2 2 2 2 2 2 2 2 2 2 2 2 2 2 2 2 2
left_child=1 2 3 -1 6 9 7 -2 -9 10 -6 -3 -12 15 -10 -13 -16 18 19 20 -18 23 -23 -8 -25 -26 27 -19 -29 -27
right_child=4 11 -4 -5 5 -7 21 8 14 -11 12 13 -14 -15 16 -17 17 26 -20 -21 -22 22 -24 24 25 29 -28 28 -30 -31
leaf_value=-0.016111940143164246 -0.01100630765292971 -0.0083638685444990795 -0.018527790897776588 0.0020993824098975615 -0.0095200858863168647 -0.012802152087097058 0.010795765269791618 -0.0073219944449032064 -0.0063428271375596526 0.0085317112302974521 -0.0045217202801723037 0.003844853369519115 0.0057008876468898967 0.0077091881689885927 0.010565442027038206 -0.0087428045831620706 0.0029616253450512886 0.012234626781372798 -0.0059242236525601441 0.0063078375280435604 -0.0070784060135483749 -0.0038655634100238489 0.0051021316635472304 0.0091855156465581716 -0.0053818876050751316 0.0018908579292631633 -0.0010999738518148662 0.0017773193050304365 0.0086080148044318239 0.0083023642968887892
leaf_weight=20 21 30 26 26 38 20 42 34 20 23 32 20 40 31 23 20 32 21 31 35 25 30 35 44 22 37 20 29 27 26
leaf_count=20 21 30 26 26 38 20 42 34 20 23 32 20 40 31 23 20 32 21 31 35 25 30 35 44 22 37 20 29 27 26
internal_value=0 -0.00496687 -0.010408 -0.00581858 0.00121537 -0.0022107 0.00216156 0.000345566 0.00114822 -0.000617996 -0.00253112 -0.00108802 0.00115751 0.00198628 0.00224323 -0.00244898 0.0029499 0.00215373 -0.00036638 0.00150637 -0.0014419 0.00460853 0.000963195 0.00599419 0.00443089 0.00196967 0.00534934 0.00702449 0.00507069 0.00453688
internal_weight=0 173 72 46 707 153 554 318 297 133 110 101 72 71 263 40 243 220 123 92 57 236 65 171 129 85 97 77 56 63
internal_count=880 173 72 46 707 153 554 318 297 133 110 101 72 71 263 40 243 220 123 92 57 236 65 171 129 85 97 77 56 63
is_linear=0
shrinkage=0.05


Tree=22
num_leaves=31
num_cat=0
split_feature=81 0 70 64 7 110 36 77 42 87 45 31 42 103 15 45 103 85 46 5 0 3 5 48 42 29 90 1 3 60
split_gain=2.13277 1.36508 1.17912 0.834784 0.689086 0.771336 0.755631 0.789287 0.659905 0.614352 0.545514 0.59277 0.462204 0.55152 0.688686 1.00806 0.590624 0.532875 0.524302 0.584358 0.449186 0.492409 0.486982 0.424363 0.469131 0.627774 0.507872 0.430267 0.37192 0.469622
threshold=-1.7621999999999998 3.4241000000000006 -1.8299499999999997 -0.77379999999999993 6.0739500000000008 3.3839000000000001 5.7095000000000011 -0.050087499999999993 0.38714000000000004 1.3927000000000003 15.032500000000002 -13.853 5.922600000000001 -1.1545499999999997 0.22169500000000003 -1.3274499999999996 -0.92977999999999994 1.0000000180025095e-35 -2.2283499999999994 2.8781500000000002 2.4305500000000007 1.0935500000000002 -4.1977499999999992 -2.2987999999999995 1.2943000000000002 0.47869000000000006 0.19341000000000005 -1.5043 -0.44950499999999993 2.5057500000000004
decision_type=2 2 2 2 2 2 2 2 2 2 2 2 2 2 2 2 2 2 2 2 2 2 2 2 2 2 2 2 2 2
left_child=1 2 3 -1 5 6 10 -8 -4 -7 11 -2 13 14 15 -13 -15 -17 -18 20 21 23 -23 -20 25 27 -27 -25 29 -29
right_child=4 -3 8 -5 -6 9 7 -9 -10 -11 -12 12 -14 16 -16 17 18 -19 19 -21 -22 22 -24 24 -26 26 -28 28 -30 -31
leaf_value=-0.0018918483599048596 -0.005090355238845122 -0.018139296593144536 0.0072464766070389972 -0.014647299039442542 -0.0068713968826664825 -0.00028004926040439926 -0.011961431354284287 0.0017627332190221006 -0.0046704236185178159 -0.011157090208005338 0.010278563122265043 -0.0061909770615125913 0.0083869617779594695 -0.0072772194470633713 0.0081887383000267787 0.0095261907014487831 -0.0058024775508480767 0.00089322999358559276 -0.0061302859225266038 0.0093661293281911643 -0.00597825883072801 0.00088902888746815738 0.0092606370361815946 -0.0036586684497216578 0.0067974825941774092 -0.009736502535330753 0.00066093816421926028 0.0079436983662780451 -0.0011634251467573147 -0.00089142301987435316
leaf_weight=23 29 20 26 29 27 34 20 22 21 21 20 29 29 21 68 33 24 39 21 24 20 32 38 26 33 24 23 53 30 21
leaf_count=23 29 20 26 29 27 34 20 22 21 21 20 29 29 21 68 33 24 39 21 24 20 32 38 26 33 24 23 53 30 21
internal_value=0 -0.00622471 -0.00381772 -0.00900547 0.000973378 0.00126195 0.00172325 -0.00477258 0.0019219 -0.0044331 0.00215155 0.00188811 0.00223229 0.001913 0.00429879 0.00167982 0.00087915 0.00485 0.00134333 0.00184043 0.00127776 0.00175989 0.00543362 0.000646643 0.00132434 0.000303918 -0.00464839 0.00209437 0.00353263 0.00543643
internal_weight=0 119 99 52 761 734 679 42 47 55 637 617 588 559 169 101 390 72 369 345 321 301 70 231 210 177 47 130 104 74
internal_count=880 119 99 52 761 734 679 42 47 55 637 617 588 559 169 101 390 72 369 345 321 301 70 231 210 177 47 130 104 74
is_linear=0
shrinkage=0.05


Tree=23
num_leaves=31
num_cat=0
split_feature=81 61 122 37 113 100 26 77 100 62 53 39 71 55 53 53 12 100 74 55 103 17 104 68 110 52 53 64 89 43
split_gain=1.92482 1.19742 0.901237 1.03142 0.656206 0.824977 1.15646 2.55896 1.08721 1.05383 0.712231 0.691676 0.843214 0.641612 0.607827 0.625676 0.580355 0.545383 0.466639 0.485988 0.437556 0.420804 0.394302 0.484379 0.363729 0.339711 0.318009 0.283195 0.279192 0.247656
threshold=-1.7621999999999998 -4.2696999999999994 1.5000000000000002 -0.75441499999999995 1.0000000180025095e-35 -1.9632999999999998 0.096519000000000008 -0.70145499999999983 0.036144500000000003 1.1442500000000002 -1.2550499999999998 -2.2422499999999999 2.2171500000000006 1.6103000000000003 -1.9538999999999997 -0.11725499999999998 -0.44749999999999995 -0.49225499999999994 1.0304500000000003 -0.73284499999999986 0.63607500000000006 0.16187000000000004 -1.24325 -0.024409999999999998 0.69856000000000018 0.58484000000000014 -0.11725499999999998 -9.4964999999999993 0.16724500000000003 -0.82115999999999989
decision_type=2 2 2 2 2 2 2 2 2 2 2 2 2 2 2 2 2 2 2 2 2 2 2 2 2 2 2 2 2 2
left_child=1 -1 3 -3 5 -2 11 8 -8 10 -9 -7 22 -11 -6 16 -16 -12 19 29 25 28 -13 -24 -19 -21 -25 -20 -18 -17
right_child=4 2 -4 -5 14 6 7 9 -10 13 17 12 -14 -15 15 18 21 24 27 20 -22 -23 23 26 -26 -27 -28 -29 -30 -31
leaf_value=-0.013236167488656449 -0.010134341056982521 -0.012422624561164913 0.0061588366240770982 0.00080108232332956218 -0.0053255532712986079 -0.0036373218267478726 -0.0058887340931286078 0.0040554373429834171 -0.02082711316290356 0.0080558993472045082 -0.00053044273226987571 0.0099858360296887598 -0.0033758312991509841 -0.0022439381994661832 0.0013472352639239814 -0.00016055690590292216 0.010923948189592921 -0.0044452997020863255 0.001809235852921293 0.003768405513479733 -0.0085957031646764596 0.014958539427342741 0.0069488389692860591 -0.0045460030762478716 -0.013085730240813324 -0.004781817971906137 0.0042636145881953689 0.009926808295263486 0.0029981525782495737 0.0073730000954431787
leaf_weight=38 20 29 22 30 21 33 29 33 21 54 46 41 30 21 35 20 20 29 21 26 22 22 63 20 21 21 21 22 25 24
leaf_count=38 20 29 22 30 21 33 29 33 21 54 46 41 30 21 35 20 20 29 21 26 22 22 63 20 21 21 21 22 25 24
internal_value=0 -0.00591348 -0.00247814 -0.00569871 0.000924709 -0.000192351 0.000238038 -0.00202572 -0.0121629 0.000458877 -0.00228128 0.00300243 0.0042545 0.00517194 0.00285454 0.00352036 0.00656543 -0.00445952 0.00152936 -0.00015756 -0.00277602 0.00929135 0.00583319 0.00419608 -0.00807428 -5.19071e-05 -3.37599e-05 0.00596241 0.00652073 0.00394866
internal_weight=0 119 81 59 761 482 462 254 50 204 129 208 175 75 279 258 102 96 156 113 69 67 145 104 50 47 41 43 45 44
internal_count=880 119 81 59 761 482 462 254 50 204 129 208 175 75 279 258 102 96 156 113 69 67 145 104 50 47 41 43 45 44
is_linear=0
shrinkage=0.05


Tree=24
num_leaves=31
num_cat=0
split_feature=81 92 60 95 74 42 11 98 60 87 26 4 57 71 34 110 5 86 40 11 2 61 128 6 106 127 100 14 56 108
split_gain=1.73715 1.10157 1.13903 0.690501 0.618983 1.94499 1.08941 0.765412 0.658632 0.73886 0.879944 0.942456 0.719001 0.555193 0.553754 0.544437 0.539939 0.499004 0.566115 0.439634 0.506868 0.903924 0.544344 0.476545 0.422636 0.532305 0.469437 0.41359 0.387541 0.454836
threshold=-1.7621999999999998 -1.7200999999999997 -1.6362999999999996 2.9627500000000002 -1.2055499999999999 -0.14930499999999997 0.44064500000000006 -0.82995499999999989 0.39228000000000002 0.87209000000000014 0.77136000000000016 -0.89236999999999989 6.4903500000000003 0.73257000000000005 -0.9872399999999999 -1.8077499999999997 2.7490500000000004 0.42506000000000005 -1.3419499999999998 -0.64066499999999993 -0.43875999999999993 1.0425000000000002 0.35000000000000003 0.57902500000000012 0.0094341500000000005 0.37500000000000006 0.11141500000000001 -0.23215499999999997 -1.1447499999999999 2.8974500000000005
decision_type=2 2 2 2 2 2 2 2 2 2 2 2 2 2 2 2 2 2 2 2 2 2 2 2 2 2 2 2 2 2
left_child=1 2 -1 -4 5 6 7 -2 9 10 24 -12 17 28 -3 -9 19 18 -11 -10 22 23 -21 -22 25 -6 -26 -20 -8 -30
right_child=4 14 3 -5 8 -7 13 15 16 12 11 -13 -14 -15 -16 -17 -18 -19 27 20 21 -23 -24 -25 26 -27 -28 -29 29 -31
leaf_value=-0.0020589659986054074 -0.010618042352574844 0.0055569396051093163 -0.021339099517180809 -0.0083577640261501083 -0.0034045737478882072 -0.012988577981389339 0.011992570627480745 0.004902516196195323 0.0080148537618082924 0.0036753368062858028 0.0046872447320940687 -0.0052968850410252347 0.0052063557964918969 -0.0031690876298983185 -0.0050759434420615439 -0.0051453741250692738 0.011696854531764986 -0.011233654184995787 -0.010277282647788525 0.0081034447361087916 -0.0032242638056535124 -0.010097806286066772 0.00012943978424453619 0.0059233572014740533 0.0020360739750321954 0.0063328222444397403 0.011590097866913614 -0.00075910025764079321 0.00042975753959682253 0.0094311168579303706
leaf_weight=29 27 24 21 20 25 31 20 26 37 23 39 60 22 21 25 28 20 23 25 49 24 20 38 35 20 32 36 21 36 23
leaf_count=29 27 24 21 20 25 31 20 26 37 23 39 60 22 21 25 28 20 23 25 49 24 20 38 35 20 32 36 21 36 23
internal_value=0 -0.0056178 -0.00964266 -0.0150067 0.000878474 -0.00141628 0.00056572 -0.00374435 0.00176461 0.000332257 0.00207778 -0.00136374 -0.00291381 0.00405688 0.000131999 -0.000307501 0.00385853 -0.00485559 -0.00272957 0.00308629 0.00198775 -0.000911658 0.00462055 0.00220229 0.00509293 0.00206203 0.00817795 -0.00593203 0.0059777 0.00393876
internal_weight=0 119 70 41 761 212 181 81 549 326 212 99 114 100 49 54 223 92 69 203 166 79 87 59 113 57 56 46 79 59
internal_count=880 119 70 41 761 212 181 81 549 326 212 99 114 100 49 54 223 92 69 203 166 79 87 59 113 57 56 46 79 59
is_linear=0
shrinkage=0.05


Tree=25
num_leaves=31
num_cat=0
split_feature=69 10 58 45 41 36 57 4 13 16 101 79 13 61 26 84 32 90 71 47 13 15 54 39 52 58 71 98 107 28
split_gain=1.65359 0.897405 1.39997 0.947693 0.937363 0.609884 0.962547 0.600779 1.03307 0.885917 1.03635 0.847317 0.794581 0.662589 0.544246 0.471944 0.552182 0.470698 0.467936 0.467538 0.466185 0.471583 0.433965 0.41108 0.373319 0.323698 0.319436 0.409388 0.318849 0.218288
threshold=-1.7944499999999997 -0.13248999999999997 -7.1610499999999986 -1.3864499999999997 0.19451000000000004 -0.40221499999999993 0.60902000000000012 1.8118500000000004 -1.5240999999999998 0.53169500000000014 5.602850000000001 -2.8249999999999997 1.8406 -4.4418499999999996 3.0355500000000002 1.2951000000000004 4.3942500000000004 -0.44468999999999997 0.81471000000000016 1.2635000000000003 1.4010500000000001 -0.48720999999999998 -0.12276499999999999 0.42029000000000005 -1.3419999999999999 -0.93386999999999987 -1.9590999999999996 -0.50989999999999991 -0.47082999999999992 1.0957000000000001
decision_type=2 2 2 2 2 2 2 2 2 2 2 2 2 2 2 2 2 2 2 2 2 2 2 2 2 2 2 2 2 2
left_child=1 2 -1 -3 -5 -4 -7 9 13 10 11 18 17 -9 15 16 19 25 -2 20 21 -13 -22 -19 -11 -10 27 -26 -21 -28
right_child=7 3 5 4 -6 6 -8 8 12 24 -12 14 -14 -15 -16 -17 -18 23 -20 28 22 -23 -24 -25 26 -27 29 -29 -30 -31
leaf_value=-0.012699983990751208 -0.011064439769834282 -0.015620206258501169 -0.0028170075630103903 0.0033390680172791089 -0.0092827613906640762 0.01277788628358394 -0.0020741735887713731 -0.0022019178218518694 0.0036234922613948583 0.0087742514256835703 -0.0095608502179384235 -0.0018353660330176352 -0.006379740230803347 -0.014918173551559451 0.0090158031362359628 0.0060512201319080456 0.0067737228978701214 0.011508909354663709 -0.00037806167134216855 -0.010033310644794256 0.0017798072747176605 0.0070067770910865971 -0.0083850785646410221 0.0023014932189619653 0.0036217891002794907 -0.0053723079757764941 0.0059427836972948478 -0.0055536498676519849 -0.0013104127360169184 0.0014655474280037819
leaf_weight=20 20 27 35 24 38 24 20 21 20 39 25 25 29 20 26 43 27 22 21 20 21 38 21 27 31 20 96 20 22 38
leaf_count=20 20 27 35 24 38 24 20 21 20 39 25 25 29 20 26 43 27 22 21 20 21 38 21 27 31 20 96 20 22 38
internal_value=0 -0.00415831 -0.000882921 -0.00780172 -0.00439689 0.00210874 0.00602695 0.00112971 -0.00156765 0.00193437 0.000198776 0.0010579 0.00080803 -0.00840497 0.00217972 0.00136065 0.000201482 0.00315011 -0.00559093 -0.00100566 0.00077774 0.00349799 -0.00330264 0.00643544 0.00432855 -0.000874408 0.00339135 2.35777e-05 -0.00546417 0.00467312
internal_weight=0 188 99 89 62 79 44 692 159 533 309 284 118 41 243 217 174 89 41 147 105 63 42 49 224 40 185 51 42 134
internal_count=880 188 99 89 62 79 44 692 159 533 309 284 118 41 243 217 174 89 41 147 105 63 42 49 224 40 185 51 42 134
is_linear=0
shrinkage=0.05


Tree=26
num_leaves=31
num_cat=0
split_feature=69 51 59 19 48 91 87 100 85 15 110 80 51 12 100 92 106 99 86 85 81 21 58 70 74 22 0 109 103 10
split_gain=1.49237 0.827138 0.878067 0.697548 0.670832 0.69726 0.631663 1.17544 0.588405 1.05183 0.671548 0.641021 0.609347 0.708976 0.49433 0.503528 0.551122 0.434721 0.453671 0.427313 0.489849 0.353814 0.344394 0.34056 0.389598 0.324415 0.321596 0.291818 0.295427 0.234896
threshold=-1.7944499999999997 -0.98749999999999993 -2.2913999999999999 14.013000000000003 -0.55427999999999988 0.153535 -0.96197499999999991 -0.47886999999999996 7.6898000000000009 -0.085718499999999989 -1.2686999999999997 4.2326500000000005 -1.4170999999999998 -2.2635499999999995 -1.3983499999999998 1.5769000000000002 0.10682000000000001 1.9751000000000001 -1.0802999999999998 1.9595500000000003 0.8680500000000001 -1.3694999999999997 -2.0828999999999995 0.45313500000000007 -1.1472499999999999 1.4708500000000002 -1.3918999999999999 -0.14771999999999999 -0.62773999999999985 0.45867000000000008
decision_type=2 2 2 2 2 2 2 2 2 2 2 2 2 2 2 2 2 2 2 2 2 2 2 2 2 2 2 2 2 2
left_child=1 6 -3 8 5 -4 -1 -8 10 -10 17 12 13 -12 -15 16 -16 18 -2 20 22 -20 -14 24 -24 -18 -23 -26 -29 -28
right_child=3 2 4 -5 -6 -7 7 -9 9 -11 11 -13 19 14 15 -17 25 -19 21 -21 -22 26 23 -25 27 -27 29 28 -30 -31
leaf_value=-0.0067679096936869125 -0.0012767238734457537 -0.000193069460711458 -0.00070222367177761745 -0.0081285923055838798 -0.018270397745072841 -0.013586874696470443 -0.0058542075201070739 0.0075733134379753694 0.0045423698050647303 -0.009851341713219882 0.007309975576303575 -0.0078124938776627899 0.0090902789928285141 -0.0086936734461536009 -0.0044006166066258004 -0.0071063627230210438 -0.00038132395666952315 0.010910982249135321 -0.00098684307484377533 0.0095299620453509065 -0.0046769928713531602 0.011341815644308278 -9.6757012910933968e-05 -0.0018501680374978799 0.0098288295225107264 0.0060274052387103445 0.007154305400105105 -0.0012251045182347297 0.0067925405826557567 0.0016502919758851122
leaf_weight=30 39 29 21 20 20 21 28 39 22 30 23 21 21 24 39 27 39 22 21 22 23 23 45 38 28 40 42 20 27 36
leaf_count=30 39 29 21 20 20 21 28 39 22 30 23 21 21 24 39 27 39 22 21 22 23 23 45 38 28 40 42 20 27 36
internal_value=0 -0.00395039 -0.00737448 0.00107323 -0.0107335 -0.00714455 -0.000738102 0.00196181 0.00134709 -0.00376169 0.00177557 0.000710698 0.00114096 -0.00092599 -0.00204686 -0.000946698 0.000462716 0.00431846 0.00341762 0.00291262 0.00219192 0.00491827 0.00307452 0.00227496 0.00358125 0.0028636 0.00614607 0.00578805 0.00338078 0.00461399
internal_weight=0 188 91 692 62 42 97 67 672 52 620 437 416 192 169 145 118 183 161 224 202 122 179 158 120 79 101 75 47 78
internal_count=880 188 91 692 62 42 97 67 672 52 620 437 416 192 169 145 118 183 161 224 202 122 179 158 120 79 101 75 47 78
is_linear=0
shrinkage=0.05


Tree=27
num_leaves=31
num_cat=0
split_feature=69 115 61 103 62 47 14 74 13 70 66 103 0 53 59 3 51 94 48 25 58 42 62 90 82 10 11 65 62 53
split_gain=1.34686 0.816103 0.84023 0.804432 0.680627 0.938171 0.559332 0.542931 1.25434 1.56779 0.850994 0.586238 0.777982 0.561031 0.542045 0.483224 0.463485 0.462109 0.321845 0.678453 0.43884 0.629701 0.587275 0.423978 0.383825 0.393751 0.531736 0.327315 0.592631 0.25818
threshold=-1.7944499999999997 1.0000000180025095e-35 -0.41114499999999993 1.4428500000000002 -2.8726499999999997 -0.50885499999999995 -0.74209999999999987 -1.3236499999999998 0.78562500000000013 -0.55479999999999985 0.27623000000000003 2.2688500000000005 0.54455500000000012 -0.066259499999999985 0.52690000000000015 -0.8320749999999999 -0.65405499999999994 -0.54386499999999993 -14.872499999999999 3.5618000000000003 1.1365500000000002 1.2248000000000003 2.2658500000000004 3.2454500000000004 5.2278000000000011 -0.19798999999999997 1.4073500000000003 -0.19130999999999995 0.42878500000000003 -0.46517499999999995
decision_type=2 2 2 2 2 2 2 2 2 2 2 2 2 2 2 2 2 2 2 2 2 2 2 2 2 2 2 2 2 2
left_child=1 3 -3 4 -1 6 -6 8 9 13 -11 18 15 -2 17 -13 -7 -10 -9 20 24 -22 23 -23 25 -20 27 29 -29 -27
right_child=7 2 -4 -5 5 16 -8 11 14 10 -12 12 -14 -15 -16 -17 -18 -19 19 -21 21 22 -24 -25 -26 26 -28 28 -30 -31
leaf_value=0.0073842444140464064 0.0063984474822602888 -0.016975915964160645 -0.0026561345111986157 -0.0083906003752270263 -0.001925384835476507 0.0086288266238712143 -0.013247055684914813 -0.0022138755813601516 0.0082567989805956265 -0.015993667481234299 -0.003538582801411394 -0.0046155833802185948 -0.0093235447034239766 -0.0039962804410606624 -0.0028069794362667821 0.005352997106890525 -0.0020066097332164645 -0.00030187775822317542 0.0076048245484178715 0.0098234270261052786 -0.0059013175266569087 0.0025270020224685569 0.0075960131362080574 -0.0065089541553918807 -0.0022480916775142151 0.0072632084296935283 0.0071719325900553386 -0.0082655607384036888 0.00347734310309447 -0.00040483220724300259
leaf_weight=25 27 21 20 37 24 21 20 31 46 32 24 20 25 25 29 31 20 24 66 34 33 34 32 21 24 23 47 22 21 21
leaf_count=25 27 21 20 37 24 21 20 31 46 32 24 20 25 25 29 31 20 24 66 34 33 34 32 21 24 23 47 22 21 21
internal_value=0 -0.00375287 -0.00999066 -0.00201308 0.000132081 -0.00200091 -0.0070716 0.00101957 -0.00112419 -0.00485067 -0.0106558 0.00193453 -0.00209812 0.00140098 0.00294106 0.00144375 0.00344081 0.0053224 0.00268387 0.00308554 0.00241959 -2.03419e-05 0.00221037 -0.00092309 0.00372669 0.00444367 0.00288668 0.000571657 -0.00253065 0.00360346
internal_weight=0 188 41 147 110 85 44 692 207 108 56 485 76 52 99 51 41 70 409 378 344 120 87 55 224 200 134 87 43 44
internal_count=880 188 41 147 110 85 44 692 207 108 56 485 76 52 99 51 41 70 409 378 344 120 87 55 224 200 134 87 43 44
is_linear=0
shrinkage=0.05


Tree=28
num_leaves=31
num_cat=0
split_feature=85 36 15 7 16 9 94 72 4 41 128 3 14 19 104 115 16 59 47 84 49 13 85 30 53 62 21 65 88 11
split_gain=1.24262 1.02511 1.09679 0.817678 0.591316 1.15594 1.13802 0.635931 0.524123 0.51174 0.509152 0.499848 0.589501 0.7079 0.882734 0.499288 0.44685 0.547778 0.441311 0.41105 0.404487 0.574264 0.399485 0.39867 0.327812 0.285028 0.259394 0.243024 0.239812 0.238135
threshold=-2.0892999999999997 -0.37314999999999993 -1.2957499999999997 6.0739500000000008 0.53169500000000014 -4.4780999999999986 -3.9624499999999996 5.9958000000000009 3.0428500000000005 -0.67983499999999986 0.25000000000000006 1.9511000000000001 2.3169500000000007 -0.8597999999999999 0.35491000000000006 1.0000000180025095e-35 1.6912000000000003 -0.049001499999999996 2.3100000000000005 -0.41835499999999998 -1.0099499999999997 -0.21319499999999997 1.4588500000000002 1.3786500000000002 -0.34203499999999992 0.7174950000000001 -0.73628999999999989 1.3287500000000001 -0.20124999999999996 -0.86147499999999988
decision_type=2 2 2 2 2 2 2 2 2 2 2 2 2 2 2 2 2 2 2 2 2 2 2 2 2 2 2 2 2 2
left_child=1 2 -1 4 5 10 -7 11 16 -10 -2 12 13 14 15 20 18 24 28 -13 -8 -22 -21 -19 -18 -20 -15 -14 29 -6
right_child=3 -3 -4 -5 8 6 7 -9 9 -11 -12 19 27 26 -16 -17 17 23 25 22 21 -23 -24 -25 -26 -27 -28 -29 -30 -31
leaf_value=-0.0021619804775003682 -0.013357490333940156 0.00095096708956230998 -0.017201605232225525 -0.0076395456502535222 0.013338085565538633 -0.011058905199170114 -0.0071975091455637342 -0.0054722724143754353 -0.0084255084907636051 0.0028853317466564481 -0.0024730281194760687 0.0089100617866374951 0.0025869667677519224 0.0073089466760716138 0.0049436891379159402 -0.0094195449820664873 -0.0079181882641499949 0.0052894421318984211 -0.0024073119222885 -0.003288306947797537 0.0064845697787611501 -0.0037690519070666703 0.0053459229407127242 -0.0025920315969934957 0.0010261770547367632 0.0056008856749394913 0.00060544909814510628 0.0096000614265600859 0.0039192426911983137 0.0068170412221834776
leaf_weight=22 22 33 27 29 21 20 28 33 20 20 21 38 30 31 33 34 21 68 25 21 22 36 37 21 20 20 27 21 37 42
leaf_count=22 22 33 27 29 21 20 28 33 20 20 21 38 30 31 33 34 21 68 25 21 22 36 37 21 20 20 27 21 37 42
internal_value=0 -0.00586128 -0.0104491 0.000602287 0.000913097 -0.000241802 0.000574259 0.00116931 0.00257762 -0.00277009 -0.00804182 0.00178152 0.000650597 -0.000515421 -0.00229855 -0.00429017 0.00335547 0.00122685 0.00526388 0.00486799 -0.00226227 0.000120253 0.00221974 0.00342977 -0.00355508 0.00115189 0.00418835 0.00547471 0.00711428 0.00899072
internal_weight=0 82 49 798 769 454 411 391 315 40 43 358 262 211 153 120 275 130 145 96 86 58 58 89 41 45 58 51 100 63
internal_count=880 82 49 798 769 454 411 391 315 40 43 358 262 211 153 120 275 130 145 96 86 58 58 89 41 45 58 51 100 63
is_linear=0
shrinkage=0.05


end of trees

feature_importances:
all_correlation_percentile5_percentile25_ratio=23
all_loss_kurtosis=20
top_20%_correlation_best_percentile25_ratio=20
recent_25_loss_kurtosis=18
top_30%_correlation_stddev_best_ratio=18
all_loss_skew=17
recent_25_correlation_best_percentile75_ratio=17
top_10%_correlation_percentile5_percentile25_ratio=17
top_10%_loss_percentile5_percentile25_ratio=16
recent_15%_loss_percentile5_percentile25_ratio=15
top_20%_correlation_stddev_best_ratio=15
top_20%_correlation_percentile5_percentile25_ratio=14
recent_10_loss_best_percentile25_ratio=13
recent_25_loss_percentile5_percentile25_ratio=13
top_10%_correlation_stddev_best_ratio=13
top_30%_correlation_kurtosis=13
log10_cardinality=12
recent_10_correlation_best_percentile75_ratio=12
recent_10_correlation_stddev_best_ratio=12
recent_25_correlation_percentile5_percentile25_ratio=12
top_20%_correlation_kurtosis=12
top_30%_correlation_percentile5_percentile25_ratio=12
all_correlation_best_percentile25_ratio=11
all_correlation_stddev_best_ratio=11
recent_15%_loss_best_percentile50_ratio=11
top_10%_correlation_skew=11
top_30%_loss_skew=11
all_correlation_kurtosis=10
all_loss_best_percentile75_ratio=10
all_loss_stddev_median_ratio=10
recent_10_loss_percentile5_percentile25_ratio=10
recent_15%_correlation_kurtosis=10
recent_25_loss_best_percentile75_ratio=10
top_20%_loss_kurtosis=10
top_30%_loss_kurtosis=10
all_correlation_stddev_median_ratio=9
recent_10_loss_kurtosis=9
recent_15%_loss_kurtosis=9
recent_15%_loss_skew=9
recent_25_loss_best_percentile50_ratio=9
top_30%_correlation_skew=9
secondaryCutoff=9
all_loss_stddev_best_ratio=8
recent_15%_correlation_percentile5_percentile25_ratio=8
recent_15%_loss_stddev_best_ratio=8
recent_25_correlation_stddev_best_ratio=8
recent_25_loss_stddev_median_ratio=8
top_10%_loss_best_percentile50_ratio=8
top_30%_correlation_best_percentile50_ratio=8
recent_15%_correlation_stddev_best_ratio=7
recent_15%_loss_best_percentile75_ratio=7
recent_25_correlation_best_percentile25_ratio=7
recent_25_correlation_kurtosis=7
recent_25_correlation_skew=7
recent_25_loss_skew=7
top_20%_correlation_stddev_median_ratio=7
all_correlation_best_percentile75_ratio=6
all_loss_percentile5_percentile25_ratio=6
recent_10_correlation_skew=6
recent_15%_correlation_best_percentile25_ratio=6
recent_15%_correlation_best_percentile50_ratio=6
recent_15%_correlation_stddev_median_ratio=6
recent_15%_loss_best_percentile25_ratio=6
recent_25_loss_best_percentile25_ratio=6
recent_25_loss_stddev_best_ratio=6
top_10%_correlation_best_percentile25_ratio=6
top_10%_loss_best_percentile25_ratio=6
top_20%_correlation_skew=6
all_correlation_skew=5
all_loss_best_percentile50_ratio=5
recent_10_loss_best_percentile50_ratio=5
recent_10_loss_skew=5
recent_10_loss_stddev_best_ratio=5
recent_15%_loss_stddev_median_ratio=5
top_10%_correlation_kurtosis=5
top_10%_loss_skew=5
top_20%_loss_best_percentile25_ratio=5
top_20%_loss_best_percentile50_ratio=5
top_30%_correlation_stddev_median_ratio=5
recent_10_correlation_best_percentile25_ratio=4
recent_10_correlation_percentile5_percentile25_ratio=4
recent_10_loss_best_percentile75_ratio=4
recent_15%_correlation_skew=4
top_20%_loss_percentile5_percentile25_ratio=4
top_20%_loss_skew=4
top_30%_correlation_best_percentile25_ratio=4
top_30%_correlation_best_percentile75_ratio=4
all_correlation_best_percentile50_ratio=3
recent_10_loss_stddev_median_ratio=3
recent_25_correlation_best_percentile50_ratio=3
recent_25_correlation_stddev_median_ratio=3
top_10%_correlation_best_percentile50_ratio=3
top_10%_correlation_stddev_median_ratio=3
top_10%_loss_kurtosis=3
top_10%_loss_stddev_best_ratio=3
top_10%_loss_stddev_median_ratio=3
top_30%_loss_best_percentile50_ratio=3
resultFilteringMode_age=3
resultFilteringMode_none=3
all_loss_best_percentile25_ratio=2
recent_10_correlation_best_percentile50_ratio=2
recent_10_correlation_kurtosis=2
recent_15%_correlation_best_percentile75_ratio=2
top_10%_loss_best_percentile75_ratio=2
top_20%_correlation_best_percentile50_ratio=2
top_20%_loss_stddev_median_ratio=2
top_30%_loss_best_percentile25_ratio=2
top_30%_loss_best_percentile75_ratio=2
top_30%_loss_percentile5_percentile25_ratio=2
secondaryLockingMode_random=2
resultFilteringAgeMultiplier=2
resultFilteringLossRankMultiplier=2
secondaryCorrelationExponent=2
secondaryFixedProbability=2
recent_10_correlation_stddev_median_ratio=1
top_10%_correlation_best_percentile75_ratio=1
top_20%_loss_best_percentile75_ratio=1
top_20%_loss_stddev_best_ratio=1
top_30%_loss_stddev_best_ratio=1
top_30%_loss_stddev_median_ratio=1
resultFilteringMode_random=1
secondaryProbabilityMode_correlation=1

parameters:
[boosting: gbdt]
[objective: regression]
[metric: l2]
[tree_learner: serial]
[device_type: cpu]
[data_sample_strategy: bagging]
[data: ]
[valid: ]
[num_iterations: 100]
[learning_rate: 0.05]
[num_leaves: 31]
[num_threads: 0]
[seed: 0]
[deterministic: 0]
[force_col_wise: 0]
[force_row_wise: 0]
[histogram_pool_size: -1]
[max_depth: -1]
[min_data_in_leaf: 20]
[min_sum_hessian_in_leaf: 0.001]
[bagging_fraction: 1]
[pos_bagging_fraction: 1]
[neg_bagging_fraction: 1]
[bagging_freq: 0]
[bagging_seed: 3]
[feature_fraction: 0.7]
[feature_fraction_bynode: 1]
[feature_fraction_seed: 2]
[extra_trees: 0]
[extra_seed: 6]
[early_stopping_round: 5]
[early_stopping_min_delta: 0]
[first_metric_only: 0]
[max_delta_step: 0]
[lambda_l1: 0]
[lambda_l2: 0]
[linear_lambda: 0]
[min_gain_to_split: 0]
[drop_rate: 0.1]
[max_drop: 50]
[skip_drop: 0.5]
[xgboost_dart_mode: 0]
[uniform_drop: 0]
[drop_seed: 4]
[top_rate: 0.2]
[other_rate: 0.1]
[min_data_per_group: 100]
[max_cat_threshold: 32]
[cat_l2: 10]
[cat_smooth: 10]
[max_cat_to_onehot: 4]
[top_k: 20]
[monotone_constraints: ]
[monotone_constraints_method: basic]
[monotone_penalty: 0]
[feature_contri: ]
[forcedsplits_filename: ]
[refit_decay_rate: 0.9]
[cegb_tradeoff: 1]
[cegb_penalty_split: 0]
[cegb_penalty_feature_lazy: ]
[cegb_penalty_feature_coupled: ]
[path_smooth: 0]
[interaction_constraints: ]
[verbosity: -1]
[saved_feature_importance_type: 0]
[use_quantized_grad: 0]
[num_grad_quant_bins: 4]
[quant_train_renew_leaf: 0]
[stochastic_rounding: 1]
[linear_tree: 0]
[max_bin: 255]
[max_bin_by_feature: ]
[min_data_in_bin: 3]
[bin_construct_sample_cnt: 200000]
[data_random_seed: 1]
[is_enable_sparse: 1]
[enable_bundle: 1]
[use_missing: 1]
[zero_as_missing: 0]
[feature_pre_filter: 1]
[pre_partition: 0]
[two_round: 0]
[header: 0]
[label_column: ]
[weight_column: ]
[group_column: ]
[ignore_column: ]
[categorical_feature: ]
[forcedbins_filename: ]
[precise_float_parser: 0]
[parser_config_file: ]
[objective_seed: 5]
[num_class: 1]
[is_unbalance: 0]
[scale_pos_weight: 1]
[sigmoid: 1]
[boost_from_average: 1]
[reg_sqrt: 0]
[alpha: 0.9]
[fair_c: 1]
[poisson_max_delta_step: 0.7]
[tweedie_variance_power: 1.5]
[lambdarank_truncation_level: 30]
[lambdarank_norm: 1]
[label_gain: ]
[lambdarank_position_bias_regularization: 0]
[eval_at: ]
[multi_error_top_k: 1]
[auc_mu_weights: ]
[num_machines: 1]
[local_listen_port: 12400]
[time_out: 120]
[machine_list_filename: ]
[machines: ]
[gpu_platform_id: -1]
[gpu_device_id: -1]
[gpu_use_dp: 0]
[num_gpu: 1]

end of parameters

pandas_categorical:null
