tree
version=v4
num_class=1
num_tree_per_iteration=1
label_index=0
max_feature_idx=126
objective=regression
feature_names=all_correlation_best_percentile25_ratio all_correlation_best_percentile50_ratio all_correlation_best_percentile75_ratio all_correlation_kurtosis all_correlation_percentile5_percentile25_ratio all_correlation_skew all_correlation_stddev_best_ratio all_correlation_stddev_median_ratio all_loss_best_percentile25_ratio all_loss_best_percentile50_ratio all_loss_best_percentile75_ratio all_loss_kurtosis all_loss_percentile5_percentile25_ratio all_loss_skew all_loss_stddev_best_ratio all_loss_stddev_median_ratio log10_cardinality recent_10_correlation_best_percentile25_ratio recent_10_correlation_best_percentile50_ratio recent_10_correlation_best_percentile75_ratio recent_10_correlation_kurtosis recent_10_correlation_percentile5_percentile25_ratio recent_10_correlation_skew recent_10_correlation_stddev_best_ratio recent_10_correlation_stddev_median_ratio recent_10_loss_best_percentile25_ratio recent_10_loss_best_percentile50_ratio recent_10_loss_best_percentile75_ratio recent_10_loss_kurtosis recent_10_loss_percentile5_percentile25_ratio recent_10_loss_skew recent_10_loss_stddev_best_ratio recent_10_loss_stddev_median_ratio recent_15%_correlation_best_percentile25_ratio recent_15%_correlation_best_percentile50_ratio recent_15%_correlation_best_percentile75_ratio recent_15%_correlation_kurtosis recent_15%_correlation_percentile5_percentile25_ratio recent_15%_correlation_skew recent_15%_correlation_stddev_best_ratio recent_15%_correlation_stddev_median_ratio recent_15%_loss_best_percentile25_ratio recent_15%_loss_best_percentile50_ratio recent_15%_loss_best_percentile75_ratio recent_15%_loss_kurtosis recent_15%_loss_percentile5_percentile25_ratio recent_15%_loss_skew recent_15%_loss_stddev_best_ratio recent_15%_loss_stddev_median_ratio recent_25_correlation_best_percentile25_ratio recent_25_correlation_best_percentile50_ratio recent_25_correlation_best_percentile75_ratio recent_25_correlation_kurtosis recent_25_correlation_percentile5_percentile25_ratio recent_25_correlation_skew recent_25_correlation_stddev_best_ratio recent_25_correlation_stddev_median_ratio recent_25_loss_best_percentile25_ratio recent_25_loss_best_percentile50_ratio recent_25_loss_best_percentile75_ratio recent_25_loss_kurtosis recent_25_loss_percentile5_percentile25_ratio recent_25_loss_skew recent_25_loss_stddev_best_ratio recent_25_loss_stddev_median_ratio top_10%_correlation_best_percentile25_ratio top_10%_correlation_best_percentile50_ratio top_10%_correlation_best_percentile75_ratio top_10%_correlation_kurtosis top_10%_correlation_percentile5_percentile25_ratio top_10%_correlation_skew top_10%_correlation_stddev_best_ratio top_10%_correlation_stddev_median_ratio top_10%_loss_best_percentile25_ratio top_10%_loss_best_percentile50_ratio top_10%_loss_best_percentile75_ratio top_10%_loss_kurtosis top_10%_loss_percentile5_percentile25_ratio top_10%_loss_skew top_10%_loss_stddev_best_ratio top_10%_loss_stddev_median_ratio top_20%_correlation_best_percentile25_ratio top_20%_correlation_best_percentile50_ratio top_20%_correlation_best_percentile75_ratio top_20%_correlation_kurtosis top_20%_correlation_percentile5_percentile25_ratio top_20%_correlation_skew top_20%_correlation_stddev_best_ratio top_20%_correlation_stddev_median_ratio top_20%_loss_best_percentile25_ratio top_20%_loss_best_percentile50_ratio top_20%_loss_best_percentile75_ratio top_20%_loss_kurtosis top_20%_loss_percentile5_percentile25_ratio top_20%_loss_skew top_20%_loss_stddev_best_ratio top_20%_loss_stddev_median_ratio top_30%_correlation_best_percentile25_ratio top_30%_correlation_best_percentile50_ratio top_30%_correlation_best_percentile75_ratio top_30%_correlation_kurtosis top_30%_correlation_percentile5_percentile25_ratio top_30%_correlation_skew top_30%_correlation_stddev_best_ratio top_30%_correlation_stddev_median_ratio top_30%_loss_best_percentile25_ratio top_30%_loss_best_percentile50_ratio top_30%_loss_best_percentile75_ratio top_30%_loss_kurtosis top_30%_loss_percentile5_percentile25_ratio top_30%_loss_skew top_30%_loss_stddev_best_ratio top_30%_loss_stddev_median_ratio resultFilteringMode_age resultFilteringMode_loss_rank resultFilteringMode_none resultFilteringMode_random secondaryProbabilityMode_correlation secondaryProbabilityMode_fixed secondaryLockingMode_random secondaryLockingMode_top resultFilteringAgeMultiplier resultFilteringLossRankMultiplier resultFilteringRandomProbability secondaryTopLockingPercentile secondaryCorrelationExponent secondaryCorrelationMultiplier
feature_infos=[-2.7585000000000002:10.010999999999999] [-3.1349:12.423999999999999] [-4.2889999999999997:348.13999999999999] [-3.0510999999999999:16.376000000000001] [-2.8199999999999998:11.587] [-10.465999999999999:6.9363000000000001] [-10.196:5.5462999999999996] [-4.9671000000000003:14.563000000000001] [-563.86000000000001:1120.8] [-567.79999999999995:455.48000000000002] [-506.04000000000002:410.75] [-2.5817000000000001:18.346] [-269.13999999999999:824.69000000000005] [-6.7687999999999997:9.0170999999999992] [-473.61000000000001:99.798000000000002] [-804.19000000000005:490.19999999999999] [-3.4767999999999999:4.4359000000000002] [-4.3643999999999998:96.942999999999998] [-2.6444000000000001:150.03] [-2.2385999999999999:239.21000000000001] [-2.258:22.759] [-5.1281999999999996:96.212999999999994] [-5.4490999999999996:8.7441999999999993] [-6.4291:5.4154] [-2.5219:170.97] [-1177.5999999999999:1840.5] [-19887:559.12] [-280.63999999999999:248.15000000000001] [-1.9136:2.1812999999999998] [-1219:1338.5999999999999] [-4.5454999999999997:1.9712000000000001] [-1515.0999999999999:198.13999999999999] [-219.81999999999999:9796.6000000000004] [-4.9798:345.32999999999998] [-2.8128000000000002:170.72999999999999] [-2.4746999999999999:215.09] [-2.7593999999999999:18.324000000000002] [-5.7945000000000002:318.64999999999998] [-7.1641000000000004:7.5151000000000003] [-7.2816999999999998:6.9210000000000003] [-2.6337999999999999:169.08000000000001] [-301.29000000000002:1082.5999999999999] [-1054.3:646.83000000000004] [-622.17999999999995:485.41000000000003] [-1.4656:16.936] [-222.88999999999999:1157.9000000000001] [-3.9784000000000002:7.1360000000000001] [-1134.0999999999999:187.65000000000001] [-156.24000000000001:6617.6000000000004] [-5.3132000000000001:182.53999999999999] [-3.2658999999999998:407.31999999999999] [-2.3534000000000002:413.43000000000001] [-2.6776:16.785] [-6.4752999999999998:145.03999999999999] [-6.6798999999999999:7.1745000000000001] [-7.3312999999999997:5.6859999999999999] [-2.9634999999999998:356.38] [-170:2965.5] [-670.36000000000001:465.23000000000002] [-290.44999999999999:1796.7] [-1.9169:3.601] [-128.38999999999999:3118.5] [-5.1905999999999999:3.1031] [-636.32000000000005:126.3] [-1028:670.66999999999996] [-3.8249:203.49000000000001] [-2.2526000000000002:46.902999999999999] [-2.1015999999999999:59.289000000000001] [-2.1911:15.145] [-4.6616:226.11000000000001] [-9.6768999999999998:7.2291999999999996] [-14.228999999999999:6.6036000000000001] [-2.3298000000000001:50.744999999999997] [-804.83000000000004:950.64999999999998] [-237.52000000000001:854.76999999999998] [-4746.6999999999998:837.57000000000005] [-3.1417999999999999:67.188000000000002] [-671.47000000000003:896.32000000000005] [-17.552:9.8768999999999991] [-565.15999999999997:267.94] [-588.87:236.90000000000001] [-4.4303999999999997:147.00999999999999] [-2.3784000000000001:496.85000000000002] [-2.0764:147] [-2.5341999999999998:14.539999999999999] [-5.4390999999999998:123.18000000000001] [-12.369999999999999:7.423] [-15.390000000000001:7.5674000000000001] [-2.4765999999999999:451.25999999999999] [-241.74000000000001:870.32000000000005] [-176.74000000000001:1673.5] [-788.48000000000002:411.51999999999998] [-3.8809999999999998:80.233000000000004] [-187.16999999999999:427.30000000000001] [-16.16:8.0564] [-550.12:180.30000000000001] [-883.88999999999999:228.02000000000001] [-4.8955000000000002:249.44] [-2.1396000000000002:1545.5] [-1.8222:433.41000000000003] [-2.3481999999999998:23.234000000000002] [-6.1416000000000004:333.32999999999998] [-7.7789000000000001:8.8153000000000006] [-9.3923000000000005:6.3567] [-2.1368:1317.4000000000001] [-1300.7:843.67999999999995] [-773.76999999999998:403.93000000000001] [-633.78999999999996:1327.8] [-3.7747999999999999:47.898000000000003] [-1041.5999999999999:174.66] [-11.696:7.8087] [-407.25999999999999:123.59] [-544.32000000000005:431.42000000000002] [0:1] [0:1] [0:1] [0:1] none none [0:1] [0:1] [-3:4] [-3:4] [-3:0.90000000000000002] [-3:10] [1:3] none
tree_sizes=1622 1894 1798 1870 1801 1717 1882 1803 1802 1623 1895 1977 1705

Tree=0
num_leaves=18
num_cat=0
split_feature=119 57 13 92 43 68 46 11 23 69 28 40 4 20 1 14 20
split_gain=0.77801 0.613024 0.403778 0.371148 0.411527 0.480928 0.381318 0.236355 0.237904 0.286405 0.288068 0.233053 0.160061 0.118564 0.138496 0.208058 0.0797922
threshold=1.0000000180025095e-35 0.93586000000000014 0.95793000000000006 -1.8186499999999997 1.1088000000000002 -0.43990999999999997 1.7603500000000003 3.5451500000000005 0.39648500000000003 0.20134500000000002 -0.78241499999999986 -0.88743499999999986 0.74273500000000015 -0.74265499999999995 1.1398500000000003 0.31644000000000005 -0.35347499999999993
decision_type=2 2 2 2 2 2 2 2 2 2 2 2 2 2 2 2 2
left_child=3 2 11 12 7 -6 -7 8 13 10 -10 16 -1 -5 15 -15 -2
right_child=1 -3 -4 4 5 6 -8 -9 9 -11 -12 -13 -14 14 -16 -17 -18
leaf_value=0.5198945854827377 0.52689458507969678 0.51739458522374138 0.51882315686873448 0.52711680748735568 0.52989458507118181 0.52555247999064725 0.51728094895718835 0.53364458526768066 0.52887185803455095 0.53072791852120149 0.52148549412725709 0.52377616405216187 0.52614458564594091 0.52902920081277016 0.528253960236159 0.53505083518027963 0.53125822156254243
leaf_weight=21 20 36 21 27 35 38 22 26 22 27 33 38 20 26 32 32 22
leaf_count=21 20 36 21 27 35 38 22 26 22 27 33 38 20 26 32 32 22
internal_value=0.526205 0.522997 0.524994 0.527422 0.527996 0.525237 0.52252 0.529161 0.528575 0.52651 0.52444 0.526613 0.522943 0.530023 0.530895 0.532351 0.52918
internal_weight=0 137 101 361 320 95 60 225 199 82 55 80 41 117 90 58 42
internal_count=498 137 101 361 320 95 60 225 199 82 55 80 41 117 90 58 42
is_linear=0
shrinkage=1


Tree=1
num_leaves=20
num_cat=0
split_feature=119 57 13 108 8 57 93 62 86 36 40 56 20 84 105 109 62 51 37
split_gain=0.702154 0.553254 0.36441 0.347257 0.446579 0.434197 0.311966 0.264406 0.259892 0.269646 0.210331 0.20633 0.195969 0.177111 0.173577 0.143233 0.0871531 0.081726 0.0456255
threshold=1.0000000180025095e-35 0.93586000000000014 0.95793000000000006 -0.026759999999999996 1.0523500000000003 -1.2672999999999999 -0.091330499999999981 -0.31768499999999994 -0.90183999999999986 2.8287500000000008 -0.88743499999999986 -0.36680499999999994 -0.99125999999999992 1.0252000000000001 -0.90770499999999987 -1.7294499999999997 0.7567250000000002 -0.95734499999999989 -0.22680999999999998
decision_type=2 2 2 2 2 2 2 2 2 2 2 2 2 2 2 2 2 2 2
left_child=3 2 10 4 5 15 14 -6 12 11 17 13 -5 -10 -7 -1 -13 -2 -8
right_child=1 -3 -4 8 7 6 18 -9 9 -11 -12 16 -14 -15 -16 -17 -18 -19 -20
leaf_value=-4.8915669322013861e-06 0.0005134529247879982 -0.0083697289021478754 -0.0070125858166388104 0.0019151703055415835 0.00065837120637297637 0.0032332130863020818 0.0046625135280191901 -0.006444152679882552 -0.0020735617478688561 -0.0032742586762954796 -0.0023072290577386555 0.006748921690242631 0.0081312563153915114 0.0040008250810205943 -0.0030737723410129546 -0.0059888966754078864 0.0025435346771370284 0.0049296510659835556 0.0079621944407170468
leaf_weight=20 20 36 21 21 20 24 20 38 30 24 38 28 32 20 20 20 22 22 22
leaf_count=20 20 36 21 21 20 24 20 38 30 24 38 28 32 20 20 20 22 22 22
internal_value=0 -0.00304765 -0.00115067 0.00115659 -0.00036438 0.00130686 0.00330861 -0.00399501 0.00273771 0.00148512 0.000388083 0.00262737 0.00566828 0.000356193 0.000366402 -0.00299689 0.00489855 0.0028267 0.00639092
internal_weight=0 137 101 361 184 126 86 58 177 124 80 100 53 50 44 40 50 42 42
internal_count=498 137 101 361 184 126 86 58 177 124 80 100 53 50 44 40 50 42 42
is_linear=0
shrinkage=0.05


Tree=2
num_leaves=19
num_cat=0
split_feature=119 57 13 125 92 43 61 69 3 59 38 3 40 23 18 98 27 55
split_gain=0.633694 0.499312 0.32888 0.326105 0.473959 0.406146 0.496967 0.38031 0.318658 0.253462 0.191028 0.189991 0.189823 0.184865 0.123702 0.101119 0.0782896 0.0708899
threshold=1.0000000180025095e-35 0.93586000000000014 0.95793000000000006 1.7500000000000002 -1.7456499999999997 1.1088000000000002 2.6700500000000003 -0.094221499999999986 2.4530000000000007 -1.1146999999999998 -1.0955999999999999 -0.45776499999999992 -0.88743499999999986 0.44509500000000007 -0.32218499999999994 -1.3697999999999999 -1.1166499999999997 0.80629500000000009
decision_type=2 2 2 2 2 2 2 2 2 2 2 2 2 2 2 2 2 2
left_child=3 2 12 8 -5 7 -7 9 10 -6 11 -1 16 -11 -9 -12 -2 -17
right_child=1 -3 -4 4 5 6 -8 14 -10 13 15 -13 -14 -15 -16 17 -18 -19
leaf_value=0.0047969142347574238 0.0047436284917322076 -0.0079512425750080089 -0.0066619565799122763 -0.0061864647881260948 -0.0041944046039134267 -0.0062213809506313222 0.003016926208510995 0.0031019178253633008 -0.0021590017974376682 0.0051066537350416188 0.0028592361758152645 -0.0020124045067599844 -0.0021918677185711107 -0.00091513931178129634 0.007845200837722846 0.0082423446699976931 0.00042127432301640509 0.0044476746674627071
leaf_weight=20 22 36 21 28 24 37 24 27 25 25 24 21 38 26 28 32 20 20
leaf_count=20 22 36 21 28 24 37 24 27 25 25 24 21 38 26 28 32 20 20
internal_value=0 -0.00289527 -0.00109314 0.00109876 -0.000111331 0.000779265 -0.00258664 0.00235865 0.00296502 4.27601e-05 0.0040599 0.00130921 0.000368679 0.00203672 0.00551668 0.00554382 0.00268536 0.00678286
internal_weight=0 137 101 361 219 191 61 130 142 75 117 41 80 51 55 76 42 52
internal_count=498 137 101 361 219 191 61 130 142 75 117 41 80 51 55 76 42 52
is_linear=0
shrinkage=0.05


Tree=3
num_leaves=20
num_cat=0
split_feature=119 57 108 8 57 13 93 10 86 36 39 4 18 80 86 92 1 86 37
split_gain=0.571909 0.450629 0.30538 0.387738 0.368475 0.296814 0.281965 0.231731 0.22534 0.260993 0.192625 0.180177 0.263747 0.1753 0.165311 0.154535 0.14823 0.119437 0.0398132
threshold=1.0000000180025095e-35 0.93586000000000014 -0.026759999999999996 1.0523500000000003 -1.2672999999999999 0.95793000000000006 -0.091330499999999981 2.7910000000000008 -0.97168499999999991 2.8287500000000008 1.8036500000000002 1.3397500000000002 -0.13581499999999996 1.2081000000000002 -1.61215 -2.1728499999999995 -1.4481999999999997 -1.1905499999999998 -0.22680999999999998
decision_type=2 2 2 2 2 2 2 2 2 2 2 2 2 2 2 2 2 2 2
left_child=2 5 3 4 15 10 13 -5 14 11 17 12 16 -6 -4 -1 -10 -2 -8
right_child=1 -3 8 7 6 -7 18 -9 9 -11 -12 -13 -14 -15 -16 -17 -18 -19 -20
leaf_value=-0.0058977184072136887 -0.00080952160060405738 -0.0075536802204118833 0.0030224035245676839 -0.0060583149082958703 -0.0027940019074341529 -0.0063288588697711637 0.0043345875386148688 0.00059087856672704222 -0.0013151292378703753 -0.0031712492555379872 -0.0037621756749493737 -0.00097312754778950306 0.0074215993098914624 0.0035244920069263095 0.0088909436762332917 0.0003178814332932234 0.0044370107352733612 0.0037430398385314384 0.0074169357391920959
leaf_weight=20 25 36 30 38 23 21 20 20 24 25 21 27 30 21 20 20 21 34 22
leaf_count=20 25 36 30 38 23 21 20 20 24 25 21 27 30 21 20 20 21 34 22
internal_value=0 -0.0027505 0.00104382 -0.000382492 0.00117476 -0.00103848 0.0030188 -0.00376549 0.00252654 0.00140714 0.000350245 0.00252929 0.00379016 0.000221643 0.00536982 -0.00278992 0.0013692 0.00181399 0.00594915
internal_weight=0 137 361 184 126 101 86 58 177 127 80 102 75 44 50 40 45 59 42
internal_count=498 137 361 184 126 101 86 58 177 127 80 102 75 44 50 40 45 59 42
is_linear=0
shrinkage=0.05


Tree=4
num_leaves=19
num_cat=0
split_feature=119 57 13 92 28 93 93 92 102 69 27 70 3 39 103 87 101 0
split_gain=0.516148 0.406692 0.267875 0.265532 0.239912 0.268658 0.377937 0.252717 0.23401 0.249396 0.2374 0.258902 0.213227 0.176304 0.168562 0.122 0.120849 0.117998
threshold=1.0000000180025095e-35 0.93586000000000014 0.95793000000000006 -0.28078499999999995 -0.78241499999999986 0.96203500000000008 -0.17261999999999997 -1.6630499999999999 2.6612500000000003 2.4957500000000006 0.63455500000000009 -0.48346499999999998 0.83652000000000004 1.0206500000000001 -1.3093999999999999 0.81118500000000016 -1.0910499999999999 0.066854500000000025
decision_type=2 2 2 2 2 2 2 2 2 2 2 2 2 2 2 2 2 2
left_child=3 2 13 4 7 6 -6 -1 9 10 12 15 16 14 -2 -12 -5 -18
right_child=1 -3 -4 8 5 -7 -8 -9 -10 -11 11 -13 -14 -15 -16 -17 17 -19
leaf_value=-0.0026052610389888289 -0.0012691488743505697 -0.0071759962787230807 -0.0060124158770555542 0.008197413789837257 -0.0034981959366372655 -0.0058179331491842422 0.0046482145398234328 0.0043707792773037346 -0.0027533793398602444 0.0073475636169314379 -0.00024646623060107234 -0.0035190350550692532 0.00018793061375617983 -0.0028660061303526167 0.0044929365068674086 0.0052762120496481664 0.00093324553221464158 0.0063645976502448333
leaf_weight=20 22 36 21 23 35 33 24 37 22 25 20 32 30 28 30 20 20 20
leaf_count=20 22 36 21 23 35 33 24 37 22 25 20 32 30 28 30 20 20 20
internal_value=0 -0.00261298 -0.000986555 0.000991629 -0.000625892 -0.00220513 -0.000184402 0.00192305 0.00212847 0.00269374 0.00198861 -0.000166864 0.00365737 0.000332733 0.00205513 0.00251487 0.00530948 0.00364892
internal_weight=0 137 101 361 149 92 59 57 212 190 165 72 93 80 52 40 63 40
internal_count=498 137 101 361 149 92 59 57 212 190 165 72 93 80 52 40 63 40
is_linear=0
shrinkage=0.05


Tree=5
num_leaves=18
num_cat=0
split_feature=120 57 125 72 92 18 3 11 13 48 40 60 38 52 102 52 28
split_gain=0.465823 0.36704 0.276891 0.395866 0.353449 0.288057 0.272298 0.2493 0.241757 0.227938 0.164032 0.162229 0.193381 0.157466 0.090881 0.0761872 0.065095
threshold=1.0000000180025095e-35 0.93586000000000014 1.7500000000000002 -0.32447999999999994 -0.28078499999999995 -0.65120499999999992 2.4530000000000007 0.34748000000000007 0.95793000000000006 -0.8993199999999999 -0.88743499999999986 -1.0109499999999998 -1.0955999999999999 -0.60558999999999996 0.62946000000000002 -0.25485999999999992 0.6261000000000001
decision_type=2 2 2 2 2 2 2 2 2 2 2 2 2 2 2 2 2
left_child=1 8 6 4 13 7 11 -6 10 -5 15 -2 -13 -4 -14 -1 -11
right_child=2 -3 3 9 5 -7 -8 -9 -10 16 -12 12 14 -15 -16 -17 -18
leaf_value=0.00034011064895561767 0.0070730600988975281 -0.0068171966872695418 -0.0017606802385401082 -0.00080174970626831058 0.0019492478686429207 0.0042111171573838762 -0.0020749126374721527 -0.005667062086815184 -0.0057117949372955737 0.007193265952879474 -0.0020641516207864411 -0.00054336354857490918 0.0060167869991239386 -0.0063736237384177542 0.0020455749332904819 0.0045991975370617139 0.0033014079640534795
leaf_weight=21 27 36 37 25 21 34 25 22 21 21 38 31 34 37 25 21 22
leaf_count=21 27 36 37 25 21 34 25 22 21 21 38 31 34 37 25 21 22
internal_value=0 -0.00248233 0.000942047 -0.000172998 -0.00159955 0.000771907 0.00266173 -0.00194747 -0.000937228 0.00299479 0.000316096 0.00367383 0.00265407 -0.00406715 0.00433407 0.00246965 0.00520208
internal_weight=0 137 361 219 151 77 142 43 101 68 80 117 90 74 59 42 43
internal_count=498 137 361 219 151 77 142 43 101 68 80 117 90 74 59 42 43
is_linear=0
shrinkage=0.05


Tree=6
num_leaves=20
num_cat=0
split_feature=119 57 108 8 57 93 62 13 74 86 101 40 20 62 76 79 86 79 37
split_gain=0.420406 0.331254 0.238372 0.316808 0.316998 0.221834 0.218583 0.218186 0.194613 0.183823 0.157694 0.216727 0.15576 0.158983 0.175559 0.149744 0.132117 0.118011 0.0239723
threshold=1.0000000180025095e-35 0.93586000000000014 -0.026759999999999996 1.0523500000000003 -0.88123499999999988 -0.091330499999999981 -0.31768499999999994 0.95793000000000006 -1.5687999999999998 -0.93033999999999983 0.75515500000000013 -0.88743499999999986 1.9105500000000002 0.068197500000000008 0.32870500000000008 1.1300000000000001 -1.61215 0.62860000000000016 -0.030384499999999998
decision_type=2 2 2 2 2 2 2 2 2 2 2 2 2 2 2 2 2 2 2
left_child=2 7 3 4 8 15 -5 10 -1 16 11 -2 13 17 -15 -6 -4 -11 -7
right_child=1 -3 9 6 5 18 -8 -9 -10 12 -12 -13 -14 14 -16 -17 -18 -19 -20
leaf_value=0.0011928696185350418 0.0022418735101819038 -0.0064763366011902695 0.0026084456592798235 0.00080782367847859855 -0.0027691294811666013 0.0043368066940456624 -0.0056499875640790712 -0.0054262052423187665 -0.0053980685227240123 0.0070952601198639199 0.0035929289385676385 -0.0040615577374895412 -0.0021090815043342966 -0.0027420347332954408 0.0028894687732381207 0.003276082350029832 0.0077793158147306668 0.001794514281763917 0.0067848813440650711
leaf_weight=21 25 36 30 20 20 20 38 21 24 21 25 30 28 25 31 21 21 21 20
leaf_count=21 25 36 30 20 20 20 38 21 24 21 25 30 28 25 31 21 21 21 20
internal_value=0 -0.00235821 0.000894945 -0.000365204 0.00104242 0.00291171 -0.00342316 -0.000890366 -0.0023223 0.00220493 0.000300292 -0.00119636 0.00117979 0.00211947 0.000375405 0.000327199 0.00473763 0.00444489 0.00556084
internal_weight=0 137 361 184 126 81 58 101 45 177 80 55 126 98 56 41 51 42 40
internal_count=498 137 361 184 126 81 58 101 45 177 80 55 126 98 56 41 51 42 40
is_linear=0
shrinkage=0.05


Tree=7
num_leaves=19
num_cat=0
split_feature=119 57 125 66 92 3 18 11 0 125 34 41 36 1 104 52 34 58
split_gain=0.379416 0.298956 0.242965 0.351883 0.300595 0.241673 0.213974 0.219648 0.203641 0.216451 0.192615 0.176363 0.155959 0.235578 0.173041 0.148744 0.100411 0.0764229
threshold=1.0000000180025095e-35 0.93586000000000014 1.7500000000000002 0.10004150000000002 -0.28078499999999995 2.4530000000000007 -0.65120499999999992 0.34748000000000007 -0.98500499999999991 1.7500000000000002 -0.68213999999999986 2.9114500000000003 0.31168500000000005 0.60881000000000018 -0.74565499999999985 -0.60558999999999996 0.13368500000000003 -0.27318999999999993
decision_type=2 2 2 2 2 2 2 2 2 2 2 2 2 2 2 2 2 2
left_child=2 8 5 4 15 12 7 -6 -2 -10 -11 16 13 14 -1 -4 -5 -14
right_child=1 -3 3 11 6 -7 -8 -9 9 10 -12 -13 17 -15 -16 -17 -18 -19
leaf_value=0.0071514833210544158 -0.0051003076559440657 -0.0061525199614051312 -0.0015652799931092139 0.0071243361146612607 0.001827460811251686 -0.0020012503266334538 0.0033898255248603071 -0.0054042098777634766 0.0031273700800296422 0.0011109156788072804 -0.0056688349973410372 -0.00091950099915266053 0.0079218528419733054 -0.0021309327334165574 0.00080610616576103945 -0.005990795212218891 0.0022907084829750517 0.0039316840190440419
leaf_weight=22 22 36 39 22 21 25 38 21 37 22 20 20 20 24 21 37 21 30
leaf_count=22 22 36 39 22 21 25 38 21 37 22 20 20 20 24 21 37 21 30
internal_value=0 -0.0022403 0.000850198 -0.000194308 -0.00146797 0.00246109 0.00067127 -0.00178837 -0.000845848 0.000338938 -0.00211754 0.00295953 0.00341458 0.00183759 0.00405258 -0.00371981 0.00476373 0.00552775
internal_weight=0 137 361 219 156 142 80 42 101 79 42 63 117 67 43 76 43 50
internal_count=498 137 361 219 156 142 80 42 101 79 42 63 117 67 43 76 43 50
is_linear=0
shrinkage=0.05


Tree=8
num_leaves=19
num_cat=0
split_feature=119 39 76 109 125 66 92 59 36 18 5 41 98 52 6 55 88 81
split_gain=0.342423 0.338566 0.267195 0.25483 0.219276 0.317574 0.271287 0.213167 0.209013 0.196983 0.180047 0.159168 0.155245 0.134242 0.120804 0.100032 0.0975971 0.0779154
threshold=1.0000000180025095e-35 1.0397000000000003 -0.72062499999999985 0.49935000000000007 1.7500000000000002 0.10004150000000002 -0.28078499999999995 -0.6102749999999999 0.31168500000000005 -1.1629999999999996 1.5726000000000002 2.9114500000000003 0.21653500000000003 -0.60558999999999996 -0.073112999999999984 -0.082912999999999987 0.12650500000000003 -0.88502499999999984
decision_type=2 2 2 2 2 2 2 2 2 2 2 2 2 2 2 2 2 2
left_child=4 2 -2 -3 8 6 13 -4 10 -8 12 16 17 -6 -11 -10 -7 -1
right_child=1 3 7 -5 5 11 9 -9 15 14 -12 -13 -14 -15 -16 -17 -18 -19
leaf_value=0.0060612093191593887 0.0033534901042003187 -0.0024338681949302556 0.0018033059453591703 -0.0098234867490828038 -0.0014870159805585176 0.0070800247974693786 -0.0021755639250789368 -0.0046036497765296214 0.0065699090760561732 0.0053594910256240681 -0.0032806801387951488 -0.00087352595292031774 -0.0015496940165758135 -0.0056912553874222012 0.00017695467580448496 0.0024469819951004218 0.0023042505445039791 0.0017491980201818727
leaf_weight=20 32 28 20 20 39 20 35 37 31 23 21 20 20 37 22 28 23 22
leaf_count=20 32 28 20 20 39 20 35 37 31 23 21 20 20 37 22 28 23 22
internal_value=0 -0.00212829 -0.00030289 -0.00551288 0.000807688 -0.000184593 -0.00139457 -0.0023556 0.00233804 0.000637707 0.000720703 0.00281155 0.00207601 -0.00353382 0.00282581 0.00461327 0.00452554 0.00380254
internal_weight=0 137 89 48 361 219 156 57 142 80 83 63 62 76 45 59 43 42
internal_count=498 137 89 48 361 219 156 57 142 80 83 63 62 76 45 59 43 42
is_linear=0
shrinkage=0.05


Tree=9
num_leaves=17
num_cat=0
split_feature=119 39 92 51 88 125 92 36 14 62 52 71 3 36 71 27
split_gain=0.309037 0.306465 0.251841 0.223559 0.22301 0.197897 0.299108 0.318407 0.220321 0.248372 0.250726 0.227678 0.218068 0.294698 0.125568 0.153243
threshold=1.0000000180025095e-35 1.3118500000000004 -1.2854999999999999 -1.0280999999999998 1.5973500000000003 1.7500000000000002 -1.7456499999999997 2.8019000000000003 1.3408500000000003 2.3470500000000007 0.98475500000000016 0.14189000000000004 0.66587500000000011 0.4096800000000001 0.30287500000000006 0.75495500000000015
decision_type=2 2 2 2 2 2 2 2 2 2 2 2 2 2 2 2
left_child=5 2 -2 -3 -4 12 -7 8 9 10 11 -8 14 -14 15 -1
right_child=1 3 4 -5 -6 6 7 -9 -10 -11 -12 -13 13 -15 -16 -17
leaf_value=0.0042516264159764561 0.0031971193646313624 -0.0090239627900618041 -0.0045504121109843252 -0.0018959351159124214 0.0017454311928965828 -0.0050015007744410207 -0.0024712170498111309 -0.0043934700544923542 0.0050267837659427614 -0.003626522370453539 0.0059667277038097386 0.0030040337477584144 -0.0033382984984200448 0.0042844542257842568 0.0061218484825290298 -0.0012348378542810679
leaf_weight=35 32 22 39 22 22 28 39 28 33 29 25 37 32 21 34 20
leaf_count=35 32 22 39 22 22 28 39 28 33 29 25 37 32 21 34 20
internal_value=0 -0.00202187 -0.000395256 -0.00545995 -0.00227978 0.000767303 -0.000175363 0.000532134 0.00137825 0.000452083 0.00162317 0.000194366 0.00222113 -0.000317963 0.00373318 0.00225655
internal_weight=0 137 93 44 61 361 219 191 163 130 101 76 142 53 89 55
internal_count=498 137 93 44 61 361 219 191 163 130 101 76 142 53 89 55
is_linear=0
shrinkage=0.05


Tree=10
num_leaves=20
num_cat=0
split_feature=119 39 76 109 17 97 125 92 36 37 72 33 19 67 20 55 5 55 82
split_gain=0.278906 0.276807 0.232976 0.217506 0.209471 0.189557 0.226072 0.321941 0.304394 0.192552 0.283242 0.232927 0.182097 0.257797 0.179484 0.115804 0.0972718 0.104503 0.0467786
threshold=1.0000000180025095e-35 1.0397000000000003 -0.72062499999999985 0.49935000000000007 -0.13755999999999999 7.5580000000000007 1.7500000000000002 -1.7456499999999997 2.8019000000000003 -0.69366499999999987 -1.1113499999999996 0.58870500000000014 -0.72292999999999985 -1.3606999999999998 -1.1826999999999999 -0.40132499999999999 -1.9875499999999999 0.92274000000000012 -0.23609499999999997
decision_type=2 2 2 2 2 2 2 2 2 2 2 2 2 2 2 2 2 2 2
left_child=5 2 -2 -3 -4 6 12 -8 9 14 11 -11 16 -14 -9 -12 -1 -18 -16
right_child=1 3 4 -5 -6 -7 7 8 -10 10 15 -13 13 -15 18 -17 17 -19 -20
leaf_value=0.0011967116229546569 0.0031439822865650061 -0.0021365424052679112 -0.0061555950325869382 -0.0089635783591074866 0.0001280032932603111 -0.0040020169410854584 -0.0051071336354922368 0.00030284773558378222 -0.0045071713005503024 -0.0054957783581422908 0.0058585845306515696 0.0012950356158873311 -0.0039945236983753392 0.0038400338075700261 0.0074132922384887931 0.00065638155716916794 0.0065583945586322207 0.0024660419780187883 0.0039935473818331962
leaf_weight=24 32 28 21 20 36 20 27 25 24 28 20 23 21 21 20 23 39 26 20
leaf_count=24 32 28 21 20 36 20 27 25 24 28 20 23 21 21 20 23 39 26 20
internal_value=0 -0.00192078 -0.000270247 -0.00498114 -0.00218701 0.000728938 0.00100641 -1.04012e-05 0.000741576 0.00153384 8.69414e-05 -0.00243325 0.00263642 -7.72449e-05 0.00362628 0.00307601 0.00391703 0.00492145 0.00570342
internal_weight=0 137 89 48 57 361 341 210 183 159 94 51 131 42 65 43 89 65 40
internal_count=498 137 89 48 57 361 341 210 183 159 94 51 131 42 65 43 89 65 40
is_linear=0
shrinkage=0.05


Tree=11
num_leaves=21
num_cat=0
split_feature=125 94 1 96 51 5 54 102 103 3 24 55 73 108 71 108 6 97 110 47
split_gain=0.259976 0.317626 0.284475 0.359393 0.226004 0.21362 0.307729 0.209955 0.206702 0.223694 0.261194 0.195348 0.350089 0.191931 0.175984 0.158661 0.15279 0.124467 0.111572 0.100218
threshold=1.7500000000000002 -1.8551999999999997 -0.39447999999999994 0.70238500000000015 -0.064642999999999992 1.2058500000000003 -1.2391499999999998 -0.86864999999999981 -2.2178499999999999 0.66587500000000011 -1.2620499999999997 1.0000000180025095e-35 1.9083000000000003 -0.8189249999999999 0.35217500000000007 3.7177500000000001 0.83384500000000006 1.0000000180025095e-35 0.65679500000000013 -0.55058999999999991
decision_type=2 2 2 2 2 2 2 2 2 2 2 2 2 2 2 2 2 2 2 2
left_child=4 15 3 11 8 6 -4 -7 -1 14 -11 -3 -13 -8 16 -2 -10 -16 -9 -6
right_child=1 2 5 -5 19 7 13 18 9 10 -12 12 -14 -15 17 -17 -18 -19 -20 -21
leaf_value=0.0048402036286213186 0.004958506754289071 0.0015325657467568114 0.00011599891419921603 0.005395687486116703 0.0069276877603260808 -0.0049156005882347621 -0.003599541828684185 -0.0019082380551844838 0.0019556067232042551 0.00055508519607511434 -0.007149601135064256 -0.0082361341054950441 0.0010071502625942231 -0.0096704823461671672 0.00083465439712871684 -0.0007080553720394771 -0.0040827098387208856 0.0062279274035245179 0.0031021207198500635 0.0024908420416925635
leaf_weight=22 30 31 21 26 20 24 23 20 20 22 22 21 20 30 23 21 22 20 25 35
leaf_count=22 30 31 21 26 20 24 23 20 20 22 22 21 20 30 23 21 22 20 25 35
internal_value=0 -0.000959543 -0.00171814 0.000356955 0.00136013 -0.00314024 -0.00500632 -0.00113893 0.000360618 -0.000403343 -0.00329726 -0.00146259 -0.00372721 -0.00703592 0.00109468 0.00262522 -0.00120732 0.00334315 0.000875295 0.00410424
internal_weight=0 292 241 98 206 143 74 69 151 129 44 72 41 53 85 51 42 43 45 55
internal_count=498 292 241 98 206 143 74 69 151 129 44 72 41 53 85 51 42 43 45 55
is_linear=0
shrinkage=0.05


Tree=12
num_leaves=18
num_cat=0
split_feature=119 39 92 34 88 30 66 30 3 105 57 61 63 31 43 110 55
split_gain=0.237335 0.242384 0.210393 0.197655 0.189951 0.178 0.228673 0.179696 0.168554 0.206321 0.241429 0.216476 0.165501 0.190903 0.176761 0.119182 0.100818
threshold=1.0000000180025095e-35 1.3118500000000004 -1.2854999999999999 -0.23114999999999999 1.5973500000000003 1.9191 -0.18599999999999997 -2.8005499999999999 -0.87486499999999989 -2.6386999999999996 -0.88123499999999988 -0.22743999999999998 -0.79911999999999994 -1.2518499999999999 0.5169950000000002 1.5376500000000002 -0.77234999999999987
decision_type=2 2 2 2 2 2 2 2 2 2 2 2 2 2 2 2 2
left_child=5 2 -2 -3 -4 7 -7 -1 15 -10 -11 -12 13 -13 -14 16 -9
right_child=1 3 4 -5 -6 6 -8 8 9 10 11 12 14 -15 -16 -17 -18
leaf_value=-0.0034010163730099092 0.0029582128423498947 -0.0016272732684307772 -0.0041433297885725131 -0.0083365602402149571 0.0016671544258398088 -0.006073451122002943 0.0013969715870916844 0.0041050734960784516 0.0040597850483443058 -0.003923005462788484 0.0052095585381207263 -0.0007616078894999292 0.00030886316671967511 0.0048609503688147437 -0.0057595127129129002 0.0057879402623351277 0.0002046284593037657
leaf_weight=21 32 23 39 21 22 21 20 30 35 34 23 36 28 26 21 29 37
leaf_count=21 32 23 39 21 22 21 20 30 35 34 23 36 28 26 21 29 37
internal_value=0 -0.00177186 -0.000325265 -0.00482943 -0.00204775 0.000672423 -0.00242934 0.00106984 0.00138384 0.000567465 -0.000160102 0.000794665 -0.000120133 0.00159624 -0.00229187 0.00311014 0.0019511
internal_weight=0 137 93 44 61 361 41 320 299 203 168 134 111 62 49 96 67
internal_count=498 137 93 44 61 361 41 320 299 203 168 134 111 62 49 96 67
is_linear=0
shrinkage=0.05


end of trees

feature_importances:
recent_25_loss_best_percentile25_ratio=12
top_20%_loss_kurtosis=12
secondaryLockingMode_random=11
all_correlation_kurtosis=8
secondaryCorrelationExponent=8
all_loss_skew=7
recent_15%_correlation_kurtosis=7
recent_15%_correlation_stddev_best_ratio=6
recent_25_correlation_stddev_best_ratio=6
top_20%_correlation_skew=6
recent_10_correlation_best_percentile50_ratio=5
recent_10_correlation_kurtosis=5
recent_15%_correlation_stddev_median_ratio=5
recent_25_correlation_kurtosis=5
recent_25_loss_skew=5
top_20%_loss_percentile5_percentile25_ratio=5
top_30%_loss_kurtosis=5
all_correlation_best_percentile50_ratio=4
recent_15%_correlation_percentile5_percentile25_ratio=4
all_correlation_skew=3
all_loss_best_percentile25_ratio=3
all_loss_kurtosis=3
recent_10_loss_best_percentile75_ratio=3
recent_10_loss_kurtosis=3
recent_15%_correlation_best_percentile50_ratio=3
recent_15%_loss_best_percentile75_ratio=3
recent_25_correlation_best_percentile75_ratio=3
top_10%_correlation_best_percentile50_ratio=3
top_10%_correlation_percentile5_percentile25_ratio=3
top_10%_correlation_stddev_best_ratio=3
top_10%_loss_kurtosis=3
top_20%_correlation_stddev_median_ratio=3
top_30%_correlation_skew=3
top_30%_loss_percentile5_percentile25_ratio=3
all_correlation_best_percentile25_ratio=2
all_correlation_percentile5_percentile25_ratio=2
all_correlation_stddev_best_ratio=2
all_loss_stddev_best_ratio=2
recent_10_correlation_stddev_best_ratio=2
recent_10_loss_skew=2
recent_15%_correlation_skew=2
recent_15%_loss_best_percentile25_ratio=2
recent_25_loss_best_percentile75_ratio=2
recent_25_loss_percentile5_percentile25_ratio=2
top_10%_correlation_stddev_median_ratio=2
top_10%_loss_stddev_best_ratio=2
top_30%_correlation_best_percentile25_ratio=2
top_30%_correlation_best_percentile50_ratio=2
top_30%_correlation_percentile5_percentile25_ratio=2
top_30%_correlation_stddev_best_ratio=2
top_30%_loss_best_percentile25_ratio=2
top_30%_loss_skew=2
all_loss_best_percentile75_ratio=1
recent_10_correlation_best_percentile25_ratio=1
recent_10_correlation_best_percentile75_ratio=1
recent_10_correlation_stddev_median_ratio=1
recent_10_loss_stddev_best_ratio=1
recent_15%_correlation_best_percentile25_ratio=1
recent_15%_loss_skew=1
recent_15%_loss_stddev_best_ratio=1
recent_15%_loss_stddev_median_ratio=1
recent_25_correlation_skew=1
recent_25_correlation_stddev_median_ratio=1
recent_25_loss_best_percentile50_ratio=1
recent_25_loss_kurtosis=1
recent_25_loss_stddev_best_ratio=1
top_10%_correlation_best_percentile75_ratio=1
top_10%_correlation_kurtosis=1
top_10%_correlation_skew=1
top_10%_loss_best_percentile25_ratio=1
top_10%_loss_best_percentile50_ratio=1
top_10%_loss_stddev_median_ratio=1
top_20%_correlation_best_percentile25_ratio=1
top_20%_correlation_best_percentile50_ratio=1
top_20%_correlation_kurtosis=1
top_20%_correlation_stddev_best_ratio=1
top_20%_loss_skew=1
top_20%_loss_stddev_median_ratio=1
top_30%_correlation_stddev_median_ratio=1
secondaryLockingMode_top=1

parameters:
[boosting: gbdt]
[objective: regression]
[metric: l2]
[tree_learner: serial]
[device_type: cpu]
[data_sample_strategy: bagging]
[data: ]
[valid: ]
[num_iterations: 100]
[learning_rate: 0.05]
[num_leaves: 31]
[num_threads: 0]
[seed: 0]
[deterministic: 0]
[force_col_wise: 0]
[force_row_wise: 0]
[histogram_pool_size: -1]
[max_depth: -1]
[min_data_in_leaf: 20]
[min_sum_hessian_in_leaf: 0.001]
[bagging_fraction: 1]
[pos_bagging_fraction: 1]
[neg_bagging_fraction: 1]
[bagging_freq: 0]
[bagging_seed: 3]
[feature_fraction: 0.85]
[feature_fraction_bynode: 1]
[feature_fraction_seed: 2]
[extra_trees: 0]
[extra_seed: 6]
[early_stopping_round: 5]
[early_stopping_min_delta: 0]
[first_metric_only: 0]
[max_delta_step: 0]
[lambda_l1: 0]
[lambda_l2: 0]
[linear_lambda: 0]
[min_gain_to_split: 0]
[drop_rate: 0.1]
[max_drop: 50]
[skip_drop: 0.5]
[xgboost_dart_mode: 0]
[uniform_drop: 0]
[drop_seed: 4]
[top_rate: 0.2]
[other_rate: 0.1]
[min_data_per_group: 100]
[max_cat_threshold: 32]
[cat_l2: 10]
[cat_smooth: 10]
[max_cat_to_onehot: 4]
[top_k: 20]
[monotone_constraints: ]
[monotone_constraints_method: basic]
[monotone_penalty: 0]
[feature_contri: ]
[forcedsplits_filename: ]
[refit_decay_rate: 0.9]
[cegb_tradeoff: 1]
[cegb_penalty_split: 0]
[cegb_penalty_feature_lazy: ]
[cegb_penalty_feature_coupled: ]
[path_smooth: 0]
[interaction_constraints: ]
[verbosity: -1]
[saved_feature_importance_type: 0]
[use_quantized_grad: 0]
[num_grad_quant_bins: 4]
[quant_train_renew_leaf: 0]
[stochastic_rounding: 1]
[linear_tree: 0]
[max_bin: 255]
[max_bin_by_feature: ]
[min_data_in_bin: 3]
[bin_construct_sample_cnt: 200000]
[data_random_seed: 1]
[is_enable_sparse: 1]
[enable_bundle: 1]
[use_missing: 1]
[zero_as_missing: 0]
[feature_pre_filter: 1]
[pre_partition: 0]
[two_round: 0]
[header: 0]
[label_column: ]
[weight_column: ]
[group_column: ]
[ignore_column: ]
[categorical_feature: ]
[forcedbins_filename: ]
[precise_float_parser: 0]
[parser_config_file: ]
[objective_seed: 5]
[num_class: 1]
[is_unbalance: 0]
[scale_pos_weight: 1]
[sigmoid: 1]
[boost_from_average: 1]
[reg_sqrt: 0]
[alpha: 0.9]
[fair_c: 1]
[poisson_max_delta_step: 0.7]
[tweedie_variance_power: 1.5]
[lambdarank_truncation_level: 30]
[lambdarank_norm: 1]
[label_gain: ]
[lambdarank_position_bias_regularization: 0]
[eval_at: ]
[multi_error_top_k: 1]
[auc_mu_weights: ]
[num_machines: 1]
[local_listen_port: 12400]
[time_out: 120]
[machine_list_filename: ]
[machines: ]
[gpu_platform_id: -1]
[gpu_device_id: -1]
[gpu_use_dp: 0]
[num_gpu: 1]

end of parameters

pandas_categorical:null
