tree
version=v4
num_class=1
num_tree_per_iteration=1
label_index=0
max_feature_idx=123
objective=regression
feature_names=all_correlation_best_percentile25_ratio all_correlation_best_percentile50_ratio all_correlation_best_percentile75_ratio all_correlation_kurtosis all_correlation_percentile5_percentile25_ratio all_correlation_skew all_correlation_stddev_best_ratio all_correlation_stddev_median_ratio all_loss_best_percentile25_ratio all_loss_best_percentile50_ratio all_loss_best_percentile75_ratio all_loss_kurtosis all_loss_percentile5_percentile25_ratio all_loss_skew all_loss_stddev_best_ratio all_loss_stddev_median_ratio log10_cardinality recent_10_correlation_best_percentile25_ratio recent_10_correlation_best_percentile50_ratio recent_10_correlation_best_percentile75_ratio recent_10_correlation_kurtosis recent_10_correlation_percentile5_percentile25_ratio recent_10_correlation_skew recent_10_correlation_stddev_best_ratio recent_10_correlation_stddev_median_ratio recent_10_loss_best_percentile25_ratio recent_10_loss_best_percentile50_ratio recent_10_loss_best_percentile75_ratio recent_10_loss_kurtosis recent_10_loss_percentile5_percentile25_ratio recent_10_loss_skew recent_10_loss_stddev_best_ratio recent_10_loss_stddev_median_ratio recent_15%_correlation_best_percentile25_ratio recent_15%_correlation_best_percentile50_ratio recent_15%_correlation_best_percentile75_ratio recent_15%_correlation_kurtosis recent_15%_correlation_percentile5_percentile25_ratio recent_15%_correlation_skew recent_15%_correlation_stddev_best_ratio recent_15%_correlation_stddev_median_ratio recent_15%_loss_best_percentile25_ratio recent_15%_loss_best_percentile50_ratio recent_15%_loss_best_percentile75_ratio recent_15%_loss_kurtosis recent_15%_loss_percentile5_percentile25_ratio recent_15%_loss_skew recent_15%_loss_stddev_best_ratio recent_15%_loss_stddev_median_ratio recent_25_correlation_best_percentile25_ratio recent_25_correlation_best_percentile50_ratio recent_25_correlation_best_percentile75_ratio recent_25_correlation_kurtosis recent_25_correlation_percentile5_percentile25_ratio recent_25_correlation_skew recent_25_correlation_stddev_best_ratio recent_25_correlation_stddev_median_ratio recent_25_loss_best_percentile25_ratio recent_25_loss_best_percentile50_ratio recent_25_loss_best_percentile75_ratio recent_25_loss_kurtosis recent_25_loss_percentile5_percentile25_ratio recent_25_loss_skew recent_25_loss_stddev_best_ratio recent_25_loss_stddev_median_ratio top_10%_correlation_best_percentile25_ratio top_10%_correlation_best_percentile50_ratio top_10%_correlation_best_percentile75_ratio top_10%_correlation_kurtosis top_10%_correlation_percentile5_percentile25_ratio top_10%_correlation_skew top_10%_correlation_stddev_best_ratio top_10%_correlation_stddev_median_ratio top_10%_loss_best_percentile25_ratio top_10%_loss_best_percentile50_ratio top_10%_loss_best_percentile75_ratio top_10%_loss_kurtosis top_10%_loss_percentile5_percentile25_ratio top_10%_loss_skew top_10%_loss_stddev_best_ratio top_10%_loss_stddev_median_ratio top_20%_correlation_best_percentile25_ratio top_20%_correlation_best_percentile50_ratio top_20%_correlation_best_percentile75_ratio top_20%_correlation_kurtosis top_20%_correlation_percentile5_percentile25_ratio top_20%_correlation_skew top_20%_correlation_stddev_best_ratio top_20%_correlation_stddev_median_ratio top_20%_loss_best_percentile25_ratio top_20%_loss_best_percentile50_ratio top_20%_loss_best_percentile75_ratio top_20%_loss_kurtosis top_20%_loss_percentile5_percentile25_ratio top_20%_loss_skew top_20%_loss_stddev_best_ratio top_20%_loss_stddev_median_ratio top_30%_correlation_best_percentile25_ratio top_30%_correlation_best_percentile50_ratio top_30%_correlation_best_percentile75_ratio top_30%_correlation_kurtosis top_30%_correlation_percentile5_percentile25_ratio top_30%_correlation_skew top_30%_correlation_stddev_best_ratio top_30%_correlation_stddev_median_ratio top_30%_loss_best_percentile25_ratio top_30%_loss_best_percentile50_ratio top_30%_loss_best_percentile75_ratio top_30%_loss_kurtosis top_30%_loss_percentile5_percentile25_ratio top_30%_loss_skew top_30%_loss_stddev_best_ratio top_30%_loss_stddev_median_ratio resultFilteringMode_age resultFilteringMode_loss_rank resultFilteringMode_none resultFilteringMode_random secondaryProbabilityMode_correlation secondaryProbabilityMode_fixed secondaryLockingMode_random secondaryLockingMode_top resultFilteringAgeMultiplier resultFilteringLossRankMultiplier resultFilteringRandomProbability
feature_infos=[-2.7585000000000002:12.096] [-3.1349:22.742999999999999] [-4.2889999999999997:40.194000000000003] [-3.0638000000000001:16.376000000000001] [-2.8199999999999998:16.007999999999999] [-10.465999999999999:6.9572000000000003] [-10.196:5.5462999999999996] [-4.9671000000000003:26.239000000000001] [-5126:415.75999999999999] [-567.79999999999995:906.88999999999999] [-506.04000000000002:810.32000000000005] [-2.5886999999999998:15.704000000000001] [-5325:498.27999999999997] [-8.2829999999999995:8.1353000000000009] [-137.88:110.67] [-1647.5:490.19999999999999] [-3.4767999999999999:4.4359000000000002] [-4.3643999999999998:118.5] [-2.6444000000000001:136.63] [-2.2385999999999999:239.21000000000001] [-2.258:22.759] [-5.1281999999999996:131.66999999999999] [-7.5959000000000003:8.7441999999999993] [-6.4291:5.4154] [-2.5219:119.02] [-1177.5999999999999:239.46000000000001] [-19887:530.97000000000003] [-280.63999999999999:248.15000000000001] [-1.8854:2.181] [-1219:233.77000000000001] [-5.7264999999999997:1.9709000000000001] [-131.28999999999999:211.83000000000001] [-315:6170] [-4.9798:756.27999999999997] [-2.8128000000000002:84.953999999999994] [-2.4746999999999999:215.09] [-2.5771999999999999:19.036999999999999] [-5.7945000000000002:454.60000000000002] [-7.1641000000000004:8.4036000000000008] [-9.2312999999999992:6.0359999999999996] [-2.6337999999999999:85.450000000000003] [-301.29000000000002:163.05000000000001] [-179.09:2389.9000000000001] [-622.17999999999995:485.41000000000003] [-1.4893000000000001:16.936] [-262.89999999999998:165.99000000000001] [-3.9784000000000002:7.1360000000000001] [-191.59999999999999:206.11000000000001] [-2725.0999999999999:132.13999999999999] [-5.3132000000000001:116.28] [-3.2658999999999998:407.31999999999999] [-2.3534000000000002:1293] [-2.7898999999999998:20.292000000000002] [-6.4752999999999998:110.04000000000001] [-8.1113:8.3633000000000006] [-7.3312999999999997:5.8018000000000001] [-2.9634999999999998:356.38] [-170:2965.5] [-670.36000000000001:465.23000000000002] [-290.44999999999999:1796.7] [-1.9281999999999999:3.6038999999999999] [-141.97:3118.5] [-6.3792999999999997:3.1057000000000001] [-218.00999999999999:126.3] [-414.49000000000001:202.59999999999999] [-3.8249:203.49000000000001] [-2.2526000000000002:102.42] [-2.1015999999999999:75.602000000000004] [-2.1911:15.638999999999999] [-4.6616:226.11000000000001] [-11.215:7.4360999999999997] [-14.228999999999999:6.6036000000000001] [-2.3298000000000001:104.78] [-277.19999999999999:263.75] [-237.52000000000001:165.69] [-4746.6999999999998:290.25999999999999] [-3.1417999999999999:67.188000000000002] [-319.81:211.66] [-17.552:9.8768999999999991] [-364.14999999999998:108.89] [-305.87:236.90000000000001] [-4.4303999999999997:231.50999999999999] [-2.3784000000000001:496.85000000000002] [-2.0764:147] [-2.5341999999999998:14.991] [-5.4390999999999998:243.44999999999999] [-12.369999999999999:7.6329000000000002] [-15.390000000000001:7.5674000000000001] [-2.4765999999999999:451.25999999999999] [-241.74000000000001:172.69999999999999] [-176.74000000000001:243.38] [-1134.3:237.11000000000001] [-3.8809999999999998:80.233000000000004] [-187.16999999999999:185.94] [-16.16:8.0564] [-282.42000000000002:112.44] [-280.74000000000001:201.87] [-4.8955000000000002:172.47999999999999] [-2.1396000000000002:1545.5] [-1.8222:433.41000000000003] [-2.3481999999999998:14.651] [-6.1416000000000004:145.44999999999999] [-7.2728000000000002:6.6252000000000004] [-9.3923000000000005:6.3567] [-2.1368:1317.4000000000001] [-1300.7:292.47000000000003] [-1113.0999999999999:285.20999999999998] [-1125.5:752.87] [-3.7747999999999999:47.898000000000003] [-1041.5999999999999:143.99000000000001] [-9.1808999999999994:7.6176000000000004] [-216.93000000000001:159.52000000000001] [-391.13999999999999:722.84000000000003] [0:1] [0:1] [0:1] [0:1] [0:1] [0:1] none none [-3:4] [-3:4] [-3:0.90000000000000002]
tree_sizes=2140 2326 2063 2158 2157 2076 2063 2057

Tree=0
num_leaves=25
num_cat=0
split_feature=34 24 76 39 52 102 39 11 76 32 81 108 94 121 32 97 18 64 26 93 34 7 10 110
split_gain=135.005 163.945 153.234 124.812 107.744 135.594 142.533 165.121 102.953 102.641 105.713 101.529 153.632 95.8142 93.8776 73.9862 77.7805 71.9291 148.074 70.1212 69.151 61.1729 60.3556 56.9164
threshold=-0.96182999999999985 -0.98714499999999983 -0.83384499999999984 -0.73879999999999979 4.3522500000000006 2.1550000000000007 -1.4063499999999998 1.7120000000000004 -1.3548499999999997 0.11699000000000002 -0.44157999999999992 -0.87423999999999991 -1.5655499999999998 1.0000000180025095e-35 2.6883500000000002 1.3143500000000004 -1.5462499999999999 -1.8095999999999999 -0.35815499999999995 -0.37813999999999992 -0.28100499999999989 -0.8156199999999999 -0.86868499999999993 -0.10271799999999999
decision_type=2 2 2 2 2 2 2 2 2 2 2 2 2 2 2 2 2 2 2 2 2 2 2 2
left_child=2 3 8 20 5 6 -4 19 15 13 -11 -5 -13 17 -12 16 -1 -3 -19 -8 -2 -15 -21 -14
right_child=1 9 4 11 -6 -7 7 -9 -10 10 14 12 23 21 -16 -17 -18 18 -20 22 -22 -23 -24 -25
leaf_value=4.7728796405310296 4.7210939264369012 4.7238411795771516 4.4921978194638044 4.7639510682722506 4.5114665940790148 4.7421978210893858 4.5402183473099322 4.7535614570466267 4.7832057264574273 4.5571745108472479 4.5944705487685082 4.761466596022645 4.5425224948852403 4.6853796409780646 4.7374629737898566 4.5875535517669324 4.6486149357794115 4.7194705508004846 4.5474486051387863 4.5782367818767691 4.8386054443725355 4.8049448561147576 4.6967432772604214 4.6603796409780642
leaf_weight=20 21 26 22 35 23 22 31 22 23 39 22 23 21 20 24 23 34 22 29 21 31 23 22 20
leaf_count=20 21 26 22 35 23 22 31 22 23 39 22 23 21 20 24 23 34 22 29 21 31 23 22 20
internal_value=4.66882 4.68889 4.64165 4.72843 4.61176 4.62824 4.60699 4.6333 4.69038 4.65977 4.61773 4.69548 4.65804 4.68955 4.66908 4.66265 4.69464 4.65616 4.62165 4.59754 4.79115 4.74933 4.63887 4.60001
internal_weight=0 356 263 151 163 140 118 96 100 205 85 99 64 120 46 77 54 77 51 74 52 43 43 41
internal_count=619 356 263 151 163 140 118 96 100 205 85 99 64 120 46 77 54 77 51 74 52 43 43 41
is_linear=0
shrinkage=1


Tree=1
num_leaves=26
num_cat=0
split_feature=40 52 32 24 39 18 30 52 13 25 77 87 81 108 9 77 85 85 71 30 46 81 15 61 82
split_gain=125.366 136.812 142.485 119.5 152.211 109.328 114.198 106.081 168.271 98.5012 104.854 95.028 92.9209 92.0025 90.9415 86.7601 84.7858 83.7913 69.3253 75.6416 75.2019 75.3312 67.6279 71.4759 27.2415
threshold=-0.62483499999999992 4.3522500000000006 1.6566000000000003 -0.98714499999999983 -0.73879999999999979 -0.51892499999999997 -2.0198999999999994 -0.56594999999999984 0.59980000000000011 -4.303399999999999 -3.2379999999999995 -0.67533999999999994 0.051979500000000005 -0.78736499999999987 -1.8229499999999998 -0.40591999999999989 2.1475500000000003 3.7933500000000007 2.3233500000000005 -1.8677999999999997 -0.74368999999999985 -1.0201499999999999 2.6334500000000003 0.61010500000000012 -0.55105499999999985
decision_type=2 2 2 2 2 2 2 2 2 2 2 2 2 2 2 2 2 2 2 2 2 2 2 2 2
left_child=1 2 9 4 -2 -5 -7 -4 -9 -1 -11 15 13 -6 -12 -8 -14 18 19 -16 -21 -22 23 -13 -23
right_child=3 -3 7 5 12 6 11 8 -10 10 14 22 16 -15 17 -17 -18 -19 -20 20 21 24 -24 -25 -26
leaf_value=0.11556559875607492 0.15254326534993723 -0.12467049385966927 -0.13015288509227135 -0.10088310742378236 0.062387747764587401 0.11715059646151282 -0.016766767136075281 0.09182872891426086 -0.10454345264782508 -0.10125654258805772 -0.080663446920073559 -0.14611423973526275 0.14988015639511021 -0.077009393994150493 -0.033146888129413125 0.12712250798940658 0.015294370770454408 -0.067073409401235129 -0.045627991855144504 0.15035294989744824 0.12004667135576408 -0.033058006688952445 0.028712044385346497 -0.022091208283717818 0.04393263635811983
leaf_weight=20 33 29 37 25 20 22 22 20 24 23 23 21 22 29 20 20 25 21 20 24 24 20 22 26 27
leaf_count=20 33 29 37 25 20 22 22 20 24 23 23 21 22 29 20 20 25 21 20 24 24 20 22 26 27
internal_value=0 -0.0209212 -0.0109914 0.0242015 0.059908 -0.00495119 0.0130811 -0.0677546 -0.0152834 0.00971948 -0.000760332 -0.00754526 0.0280646 -0.0201126 0.0121526 0.0517519 0.078292 0.025837 0.0402897 0.0552319 0.073838 0.0479738 -0.0436392 -0.0775058 0.0111707
internal_weight=0 332 303 287 129 158 133 81 44 222 202 111 96 49 179 42 47 156 135 115 95 71 69 47 47
internal_count=619 332 303 287 129 158 133 81 44 222 202 111 96 49 179 42 47 156 135 115 95 71 69 47 47
is_linear=0
shrinkage=0.05


Tree=2
num_leaves=23
num_cat=0
split_feature=86 85 55 55 102 84 110 56 15 47 5 82 94 102 0 37 77 29 110 11 54 37
split_gain=113.596 119.989 101.306 170.09 91.2284 102.892 116.467 116.949 95.8162 86.1492 85.9146 107.672 95.8023 100.637 127.603 99.5297 97.5816 104.993 85.4485 79.8689 69.6282 60.9805
threshold=-3.4674499999999995 4.0321000000000007 -0.49571999999999994 2.0065000000000004 -3.2407499999999998 0.13387000000000002 -1.5029999999999999 -1.0701499999999997 -0.14166999999999996 0.44280000000000003 1.6609500000000004 -0.4211399999999999 1.7657 -0.17608499999999996 -0.29591499999999998 1.2965500000000001 -1.7168999999999999 2.8675000000000006 1.6595000000000002 0.16375500000000001 -0.66804999999999992 0.27480500000000002
decision_type=2 2 2 2 2 2 2 2 2 2 2 2 2 2 2 2 2 2 2 2 2 2
left_child=-1 4 -3 -4 -2 10 9 8 -8 -7 12 -12 13 14 16 20 -6 -18 -14 21 -15 -9
right_child=1 2 3 -5 5 6 7 19 -10 -11 11 -13 18 15 -16 -17 17 -19 -20 -21 -22 -23
leaf_value=-0.087493897250720432 0.10922381890316804 -0.12277383453422977 0.090314448138941905 -0.10197712467861889 -0.11896199360489845 0.038624775870924909 0.066506921703694391 -0.0090947937406599521 -0.081674962230026737 -0.10637355271726848 0.096810207611475241 -0.025904940112465715 0.10829863734543324 -0.029879173175210046 -0.14494880772997729 -0.083415208011865624 0.057279611859204521 -0.080240382189336046 -0.023783705011010171 0.15597783175245342 0.085283785431778864 0.10703475548384281
leaf_weight=35 24 31 23 23 23 21 24 20 20 20 39 33 24 21 36 22 35 23 25 36 35 26
leaf_count=35 24 31 23 23 23 21 24 20 20 20 39 33 24 21 36 22 35 23 25 36 35 26
internal_value=0 0.00524364 -0.0529121 -0.00583134 0.014076 0.00934813 0.041093 0.0649117 -0.00084848 -0.0321061 -0.00742842 0.0405658 -0.0215906 -0.0372958 -0.0666241 0.00669661 -0.0318132 0.00274582 0.0409097 0.100198 0.0420977 0.0565436
internal_weight=0 584 77 46 507 483 167 126 44 41 316 72 244 195 117 78 81 58 49 82 56 46
internal_count=619 584 77 46 507 483 167 126 44 41 316 72 244 195 117 78 81 58 49 82 56 46
is_linear=0
shrinkage=0.05


Tree=3
num_leaves=24
num_cat=0
split_feature=40 65 88 52 86 0 38 64 15 70 28 52 15 2 87 85 26 31 69 87 20 76 52
split_gain=107.829 129.353 151.677 116.6 127.327 108.662 115.275 101.356 95.6748 94.1222 97.6295 136.436 92.6892 91.9119 89.8201 89.1575 96.0884 82.4887 80.0507 72.4471 71.8843 57.9657 49.9361
threshold=-0.69566499999999987 -2.8767999999999998 -0.7981149999999998 4.3522500000000006 -3.3355499999999996 1.7924500000000003 0.69707000000000008 0.4816700000000001 7.0079000000000002 -1.5728999999999997 -0.10690999999999999 0.22434500000000002 0.32630000000000003 0.018765500000000004 -2.1078999999999994 -1.2790999999999999 0.28979000000000005 0.31555000000000005 1.7433000000000003 0.57685000000000008 0.39854000000000006 0.4388800000000001 -0.37605999999999995
decision_type=2 2 2 2 2 2 2 2 2 2 2 2 2 2 2 2 2 2 2 2 2 2 2
left_child=3 -2 5 4 -1 6 7 -3 9 -4 11 -11 14 17 -6 -16 22 -14 19 -18 -15 -12 -17
right_child=1 2 8 -5 12 -7 -8 -9 -10 10 21 -13 13 20 15 16 18 -19 -20 -21 -22 -23 -24
leaf_value=-0.11409562067301185 -0.092505079912750629 0.044892265882931263 0.053955151244170142 -0.11588045204507894 0.11963436174250784 0.18100390508770944 -0.020896536325488022 0.17974703738635237 0.092322725535874881 0.1116548594273627 -0.13108376869631391 -0.056939761781444158 -0.030071759706845991 0.066728336908496347 0.082301139779156082 -0.11333562528284698 0.0027653024785897953 -0.16220021872293383 -0.052923049210082923 0.13260091259365989 -0.052016691993921997 -0.026320859218907096 -0.0082472304441034792
leaf_weight=27 23 38 36 29 21 20 34 22 24 20 31 30 27 26 32 26 22 21 21 21 25 23 20
leaf_count=27 23 38 36 29 21 20 34 22 24 20 31 30 27 26 32 26 22 21 21 21 25 23 20
internal_value=0 0.0214498 0.0308777 -0.0203031 -0.0107123 0.0751749 0.0526581 0.094339 8.57232e-05 -0.0157263 -0.0398468 0.0104981 -5.82582e-05 -0.0382184 0.0231188 0.00884533 -0.0125236 -0.087878 0.0270949 0.0661734 0.00851999 -0.0864625 -0.067645
internal_weight=0 301 278 318 289 114 94 60 164 140 104 50 262 99 163 142 110 48 64 43 51 54 46
internal_count=619 301 278 318 289 114 94 60 164 140 104 50 262 99 163 142 110 48 64 43 51 54 46
is_linear=0
shrinkage=0.05


Tree=4
num_leaves=24
num_cat=0
split_feature=40 65 88 52 86 0 38 64 102 4 23 15 101 101 2 87 85 26 52 37 87 3 23
split_gain=97.3155 116.741 136.888 105.231 114.913 98.0672 104.036 91.4734 91.1498 87.9146 102.252 83.652 89.1168 83.3216 82.0647 81.0626 82.1307 68.5125 84.0195 67.3554 64.0524 59.7892 36.2791
threshold=-0.69566499999999987 -2.8767999999999998 -0.7981149999999998 4.3522500000000006 -3.3355499999999996 1.7924500000000003 0.69707000000000008 0.4816700000000001 0.73584500000000019 -0.18126999999999996 0.85432000000000008 0.32630000000000003 -1.4828999999999997 2.9749000000000003 -0.8722399999999999 -2.1078999999999994 -1.6006999999999998 0.28979000000000005 0.10574500000000002 0.22280500000000003 0.65612000000000015 -0.18175999999999998 -0.47712499999999997
decision_type=2 2 2 2 2 2 2 2 2 2 2 2 2 2 2 2 2 2 2 2 2 2 2
left_child=3 -2 5 4 -1 6 7 -3 9 10 22 15 -13 -10 -14 -6 -17 18 -18 -11 -16 -19 -4
right_child=1 2 8 -5 11 -7 -8 -9 13 19 -12 12 14 -15 20 16 17 21 -20 -21 -22 -23 -24
leaf_value=-0.10839083983942316 -0.087879823731339513 0.042647652033912513 0.013141211771982768 -0.11008642809144382 0.1136526444483371 0.17195370842004196 -0.019851709516826625 0.17075968446548692 0.11370439707700696 -0.14696447962895037 0.089696608799008232 0.05244208349084313 -0.14328006445006891 -0.01991681057959795 0.01338764873935896 0.097212268964556814 -0.10339223491929231 0.076380081174354408 0.026138042481172654 -0.023858955115079881 -0.097675514026057161 -0.017755580174963217 -0.0768477093273153
leaf_weight=27 23 38 21 29 21 20 34 22 28 20 26 22 22 20 34 22 31 31 21 25 21 37 24
leaf_count=27 23 38 21 29 21 20 34 22 28 20 26 22 22 20 34 22 31 31 21 25 21 37 24
internal_value=0 0.0203773 0.0293338 -0.0192879 -0.0101767 0.0714161 0.0500252 0.0896221 8.14371e-05 -0.0238968 0.0107568 -5.53443e-05 -0.0363075 0.0580289 -0.0616645 0.0219628 0.00840307 -0.00787862 -0.0510819 -0.0785725 -0.0290183 0.0251592 -0.0348529
internal_weight=0 301 278 318 289 114 94 60 164 116 71 262 99 48 77 163 142 120 52 45 55 68 45
internal_count=619 301 278 318 289 114 94 60 164 116 71 262 99 48 77 163 142 120 52 45 55 68 45
is_linear=0
shrinkage=0.05


Tree=5
num_leaves=23
num_cat=0
split_feature=44 34 24 39 23 102 53 34 16 87 87 71 15 63 5 94 53 18 6 68 15 9
split_gain=90.9622 118.928 123.477 108.396 92.5813 87.2335 108.727 125.781 113.632 79.5072 79.3056 127.335 106.888 78.2723 98.7982 69.2501 61.9417 59.7678 58.1298 57.8871 53.2237 40.8186
threshold=-1.3422999999999998 -0.96182999999999985 -0.98714499999999983 -0.73879999999999979 2.2212000000000005 -2.5128499999999998 1.7563000000000002 -1.5077499999999997 1.0000000180025095e-35 0.29372000000000004 -0.025798999999999996 -1.1153999999999997 1.1601500000000002 0.18511500000000003 -0.26099999999999995 -1.7585999999999997 -1.0172499999999998 2.3443000000000001 0.11082000000000002 0.50338000000000005 -0.095247999999999985 -0.11237999999999999
decision_type=2 2 2 2 2 2 2 2 2 2 2 2 2 2 2 2 2 2 2 2 2 2
left_child=-1 4 3 20 5 -2 7 8 19 -9 12 -12 18 14 -5 -13 -10 -17 -4 -7 -3 -8
right_child=1 2 10 13 -6 6 21 9 16 -11 11 15 -14 -15 -16 17 -18 -19 -20 -21 -22 -23
leaf_value=0.080769415203989905 -0.13956786984400379 0.054584321808069949 0.10079475702983993 -0.099609500137360196 0.052409652389329056 0.019510247097128914 -0.14770029096499734 -0.016707826107740405 -0.096740203453227883 -0.13090441870089206 -0.13729045037180185 -0.089750001989305023 -0.059953271413022396 0.073815846840246918 0.034567625654830514 -0.024499475519063282 0.026209865900732224 0.078556387843370129 0.0067733846064056127 0.13211587618291379 0.15582898989043856 -0.050031877867877488
leaf_weight=33 21 25 35 23 29 21 23 35 20 27 26 20 28 37 34 34 21 24 31 25 27 20
leaf_count=33 21 25 35 23 29 21 23 35 20 27 26 20 28 37 34 34 21 24 31 25 27 20
internal_value=0 -0.00454845 0.0143441 0.0492292 -0.031404 -0.0428152 -0.0322329 -0.01202 0.0267611 -0.0664386 -0.0113792 -0.0414633 0.0219053 0.0171858 -0.019574 -0.00952088 -0.0337658 0.0181443 0.0566332 0.080709 0.107154 -0.102273
internal_weight=0 586 344 146 242 213 192 149 87 62 198 104 94 94 57 78 41 58 66 46 52 43
internal_count=619 586 344 146 242 213 192 149 87 62 198 104 94 94 57 78 41 58 66 46 52 43
is_linear=0
shrinkage=0.05


Tree=6
num_leaves=23
num_cat=0
split_feature=85 102 76 69 5 4 14 15 30 16 26 4 56 1 19 32 60 82 76 23 74 44
split_gain=85.6325 98.3664 107.871 131.761 89.6224 134.393 106.171 117.065 107.846 98.4991 95.3143 109.441 93.2457 85.8167 84.2628 71.0935 66.2645 58.1833 55.4148 53.4837 53.2003 52.1354
threshold=4.0321000000000007 1.6744000000000001 -0.63219499999999995 0.45720500000000003 1.6422500000000002 1.0718000000000003 2.3786 -6.0848999999999993 -0.028345999999999996 -0.61274499999999998 -0.65095499999999984 -0.80475499999999989 -1.5062999999999998 -0.022267999999999996 -0.95904999999999985 -0.81216499999999991 2.2656500000000004 -0.14111999999999997 -0.18292999999999995 -0.082058999999999979 0.70314500000000013 2.7490000000000006
decision_type=2 2 2 2 2 2 2 2 2 2 2 2 2 2 2 2 2 2 2 2 2 2
left_child=1 4 -3 -4 5 6 7 -1 12 -6 -10 16 -9 20 -7 17 -12 -14 -11 -17 -2 -8
right_child=13 2 3 -5 9 14 21 8 10 18 11 -13 15 -15 -16 19 -18 -19 -20 -21 -22 -23
leaf_value=-0.067834291253716525 -0.14813826654268347 -0.02781656416891902 0.035050552394731267 0.18667599102077279 0.11838915969791085 -0.025902896753645373 -0.11647699771878811 -0.023541396043191738 -0.10011729615861956 0.048862006987981273 0.013204823237740332 -0.066332967561070946 0.096396951582210025 0.010021651982713271 -0.15090549995119756 0.070008309628991849 0.12496499848507701 -0.018596394364298743 -0.048741464359829061 0.17927099829539658 -0.036636387594044209 -0.014282173649795974
leaf_weight=39 23 27 38 23 29 28 26 26 23 33 36 28 22 34 26 21 21 22 26 24 20 24
leaf_count=39 23 27 38 23 29 28 26 26 23 33 36 28 22 34 26 21 21 22 26 24 20 24
internal_value=0 0.00700954 0.0553912 0.0922208 -0.00236839 -0.0132615 -0.000656665 0.0120851 0.026062 0.042937 -0.00981835 0.0146155 0.0597584 -0.0493399 -0.0860893 0.0840932 0.0543796 0.0389003 0.00585031 0.128282 -0.0962769 -0.0674235
internal_weight=0 542 88 61 454 366 312 262 223 88 108 85 115 77 54 89 57 44 59 45 43 50
internal_count=619 542 88 61 454 366 312 262 223 88 108 85 115 77 54 89 57 44 59 45 43 50
is_linear=0
shrinkage=0.05


Tree=7
num_leaves=23
num_cat=0
split_feature=34 7 85 46 5 83 86 29 52 64 108 91 22 64 61 2 42 69 75 78 28 65
split_gain=83.6507 119.99 110.477 108.39 108.344 85.4885 91.2291 90.6707 139.212 177.439 129.73 122.512 134.971 99.3824 74.7086 68.7794 62.4044 62.1832 85.7635 94.5796 50.0993 32.19
threshold=3.4515000000000007 -2.9373499999999995 7.0417000000000014 1.1834500000000003 1.2459500000000003 6.719850000000001 -3.4674499999999995 0.96933000000000014 -0.17184499999999997 -11.2265 0.30444500000000002 -0.62480999999999987 -2.0229999999999992 -0.67935999999999985 1.3964500000000002 -0.55890999999999991 -2.2128499999999995 0.60339500000000013 0.48251500000000008 0.33283000000000001 1.0000000180025095e-35 3.7348500000000002
decision_type=2 2 2 2 2 2 2 2 2 2 2 2 2 2 2 2 2 2 2 2 2 2
left_child=1 3 5 -1 14 6 -3 11 10 -10 -9 12 -8 -14 -2 -15 -17 18 19 -13 -11 -19
right_child=4 2 -4 -5 -6 -7 7 8 9 20 -12 17 13 15 -16 16 -18 21 -20 -21 -22 -23
leaf_value=-0.0026848231040110643 -0.054523283050016129 -0.080936815239050816 -0.09604022897608383 0.15814360100775959 0.12263879840883117 -0.10123885304707547 0.071609388656603795 0.084984297071184434 0.042392518483102326 -0.19299762348333996 -0.072211543293226335 0.006187923717381502 0.041188331651351148 -0.1172619949766834 0.064224314843662658 -0.09588492017239332 0.016702381942013744 0.14881260513582015 -0.038526884572846552 0.1426042407595863 -0.087248532536129159 0.061167232134612282
leaf_weight=22 27 34 38 20 30 23 39 35 20 21 21 27 31 35 26 20 32 22 28 24 24 20
leaf_count=22 27 34 38 20 30 23 39 35 20 21 21 27 31 35 26 20 32 22 28 24 24 20
internal_value=0 -0.00723296 -0.0141309 0.0739001 0.0467092 -0.00730514 -0.00231559 0.00438396 -0.0317443 -0.0815241 0.0260359 0.0201088 -0.00903049 -0.0356827 0.00373026 -0.0630735 -0.0266004 0.0579177 0.0317826 0.0703838 -0.136598 0.107077
internal_weight=0 536 494 42 83 456 433 399 121 65 56 278 157 118 53 87 52 121 79 51 45 42
internal_count=619 536 494 42 83 456 433 399 121 65 56 278 157 118 53 87 52 121 79 51 45 42
is_linear=0
shrinkage=0.05


end of trees

feature_importances:
recent_25_correlation_kurtosis=9
all_loss_stddev_median_ratio=8
top_20%_correlation_percentile5_percentile25_ratio=7
top_20%_correlation_stddev_best_ratio=7
top_30%_correlation_skew=6
recent_15%_correlation_best_percentile50_ratio=5
recent_25_loss_stddev_median_ratio=5
top_10%_loss_kurtosis=5
all_correlation_skew=4
recent_10_correlation_stddev_best_ratio=4
recent_10_loss_best_percentile50_ratio=4
recent_10_loss_stddev_median_ratio=4
recent_15%_correlation_stddev_best_ratio=4
top_20%_correlation_skew=4
all_correlation_best_percentile25_ratio=3
all_correlation_best_percentile75_ratio=3
all_correlation_percentile5_percentile25_ratio=3
recent_10_correlation_best_percentile50_ratio=3
recent_10_correlation_stddev_median_ratio=3
recent_10_loss_skew=3
recent_15%_correlation_percentile5_percentile25_ratio=3
recent_15%_correlation_stddev_median_ratio=3
top_10%_correlation_best_percentile25_ratio=3
top_10%_correlation_percentile5_percentile25_ratio=3
top_10%_loss_percentile5_percentile25_ratio=3
top_20%_correlation_best_percentile25_ratio=3
top_20%_correlation_best_percentile50_ratio=3
top_20%_loss_skew=3
top_30%_loss_kurtosis=3
top_30%_loss_skew=3
all_correlation_stddev_median_ratio=2
all_loss_best_percentile50_ratio=2
all_loss_kurtosis=2
log10_cardinality=2
recent_10_loss_kurtosis=2
recent_10_loss_percentile5_percentile25_ratio=2
recent_15%_correlation_skew=2
recent_15%_loss_kurtosis=2
recent_15%_loss_skew=2
recent_25_correlation_percentile5_percentile25_ratio=2
recent_25_correlation_stddev_best_ratio=2
recent_25_correlation_stddev_median_ratio=2
recent_25_loss_percentile5_percentile25_ratio=2
top_10%_correlation_stddev_best_ratio=2
top_20%_correlation_stddev_median_ratio=2
top_30%_correlation_percentile5_percentile25_ratio=2
all_correlation_best_percentile50_ratio=1
all_correlation_kurtosis=1
all_correlation_stddev_best_ratio=1
all_loss_best_percentile75_ratio=1
all_loss_skew=1
all_loss_stddev_best_ratio=1
recent_10_correlation_best_percentile75_ratio=1
recent_10_correlation_kurtosis=1
recent_10_correlation_skew=1
recent_10_loss_best_percentile25_ratio=1
recent_10_loss_stddev_best_ratio=1
recent_15%_loss_best_percentile50_ratio=1
recent_15%_loss_stddev_best_ratio=1
recent_25_correlation_skew=1
recent_25_loss_kurtosis=1
recent_25_loss_stddev_best_ratio=1
top_10%_correlation_kurtosis=1
top_10%_correlation_skew=1
top_10%_loss_best_percentile50_ratio=1
top_10%_loss_best_percentile75_ratio=1
top_10%_loss_skew=1
top_20%_correlation_best_percentile75_ratio=1
top_20%_correlation_kurtosis=1
top_20%_loss_best_percentile75_ratio=1
top_20%_loss_percentile5_percentile25_ratio=1
top_30%_correlation_best_percentile25_ratio=1
resultFilteringAgeMultiplier=1

parameters:
[boosting: gbdt]
[objective: regression]
[metric: l2]
[tree_learner: serial]
[device_type: cpu]
[data_sample_strategy: bagging]
[data: ]
[valid: ]
[num_iterations: 100]
[learning_rate: 0.05]
[num_leaves: 31]
[num_threads: 0]
[seed: 0]
[deterministic: 0]
[force_col_wise: 0]
[force_row_wise: 0]
[histogram_pool_size: -1]
[max_depth: -1]
[min_data_in_leaf: 20]
[min_sum_hessian_in_leaf: 0.001]
[bagging_fraction: 1]
[pos_bagging_fraction: 1]
[neg_bagging_fraction: 1]
[bagging_freq: 0]
[bagging_seed: 3]
[feature_fraction: 0.85]
[feature_fraction_bynode: 1]
[feature_fraction_seed: 2]
[extra_trees: 0]
[extra_seed: 6]
[early_stopping_round: 5]
[early_stopping_min_delta: 0]
[first_metric_only: 0]
[max_delta_step: 0]
[lambda_l1: 0]
[lambda_l2: 0]
[linear_lambda: 0]
[min_gain_to_split: 0]
[drop_rate: 0.1]
[max_drop: 50]
[skip_drop: 0.5]
[xgboost_dart_mode: 0]
[uniform_drop: 0]
[drop_seed: 4]
[top_rate: 0.2]
[other_rate: 0.1]
[min_data_per_group: 100]
[max_cat_threshold: 32]
[cat_l2: 10]
[cat_smooth: 10]
[max_cat_to_onehot: 4]
[top_k: 20]
[monotone_constraints: ]
[monotone_constraints_method: basic]
[monotone_penalty: 0]
[feature_contri: ]
[forcedsplits_filename: ]
[refit_decay_rate: 0.9]
[cegb_tradeoff: 1]
[cegb_penalty_split: 0]
[cegb_penalty_feature_lazy: ]
[cegb_penalty_feature_coupled: ]
[path_smooth: 0]
[interaction_constraints: ]
[verbosity: -1]
[saved_feature_importance_type: 0]
[use_quantized_grad: 0]
[num_grad_quant_bins: 4]
[quant_train_renew_leaf: 0]
[stochastic_rounding: 1]
[linear_tree: 0]
[max_bin: 255]
[max_bin_by_feature: ]
[min_data_in_bin: 3]
[bin_construct_sample_cnt: 200000]
[data_random_seed: 1]
[is_enable_sparse: 1]
[enable_bundle: 1]
[use_missing: 1]
[zero_as_missing: 0]
[feature_pre_filter: 1]
[pre_partition: 0]
[two_round: 0]
[header: 0]
[label_column: ]
[weight_column: ]
[group_column: ]
[ignore_column: ]
[categorical_feature: ]
[forcedbins_filename: ]
[precise_float_parser: 0]
[parser_config_file: ]
[objective_seed: 5]
[num_class: 1]
[is_unbalance: 0]
[scale_pos_weight: 1]
[sigmoid: 1]
[boost_from_average: 1]
[reg_sqrt: 0]
[alpha: 0.9]
[fair_c: 1]
[poisson_max_delta_step: 0.7]
[tweedie_variance_power: 1.5]
[lambdarank_truncation_level: 30]
[lambdarank_norm: 1]
[label_gain: ]
[lambdarank_position_bias_regularization: 0]
[eval_at: ]
[multi_error_top_k: 1]
[auc_mu_weights: ]
[num_machines: 1]
[local_listen_port: 12400]
[time_out: 120]
[machine_list_filename: ]
[machines: ]
[gpu_platform_id: -1]
[gpu_device_id: -1]
[gpu_use_dp: 0]
[num_gpu: 1]

end of parameters

pandas_categorical:null
